File Name :caseA#3_1.in
Sort Algorithm Name : Shell_Sort
Total of data : 64
Data Before Sorted :
[3121, 2319, 3161, 1789, 3122, 2499, 3158, 2737, 2616, 848, 219, 3321, 3405, 1458, 2577, 1121, 83, 695, 522, 3329, 1733, 1885, 2139, 1697, 3862, 3325, 1359, 4035, 1103, 3729, 3631, 1809, 1767, 1089, 553, 2569, 3817, 3243, 3375, 2929, 1867, 3233, 3479, 2513, 1588, 1697, 199, 1417, 887, 369, 3343, 4044, 835, 3267, 761, 1470, 2659, 513, 1770, 3325, 1343, 2085, 1488, 1346]
Data after sorted :
[83, 199, 219, 369, 513, 522, 553, 695, 761, 835, 848, 887, 1089, 1103, 1121, 1343, 1346, 1359, 1417, 1458, 1470, 1488, 1588, 1697, 1697, 1733, 1767, 1770, 1789, 1809, 1867, 1885, 2085, 2139, 2319, 2499, 2513, 2569, 2577, 2616, 2659, 2737, 2929, 3121, 3122, 3158, 3161, 3233, 3243, 3267, 3321, 3325, 3325, 3329, 3343, 3375, 3405, 3479, 3631, 3729, 3817, 3862, 4035, 4044]
Execution Time : 
- 6385 nanoseconds
- 0.006385 milliseconds
- 6.385E-6 seconds
