File Name :caseE#4_1.in
Sort Algorithm Name : Shell_Sort
Total of data : 128
Data Before Sorted :
[58, 89, 186, 417, 609, 683, 1123, 1321, 1937, 1959, 2000, 2001, 2241, 2433, 2693, 2789, 2878, 3025, 3120, 3135, 3169, 3313, 3315, 3459, 3641, 3861, 4113, 4124, 4132, 4628, 4660, 4709, 4741, 4866, 4960, 4971, 5235, 5244, 5601, 5734, 5765, 5823, 6343, 6394, 6431, 6529, 6545, 6626, 6701, 6741, 6993, 7154, 7155, 7165, 7235, 7481, 7563, 7753, 8005, 8115, 8165, 8427, 8517, 8675, 8729, 9243, 9305, 9371, 9513, 9574, 10241, 10251, 10275, 10623, 10793, 10805, 11217, 11435, 11509, 11563, 11687, 11723, 11764, 11983, 12043, 12196, 12401, 12405, 12437, 12455, 12898, 12949, 13016, 13133, 13195, 13217, 13244, 13293, 13520, 13652, 13895, 13910, 14083, 14358, 14481, 14881, 14979, 15089, 15136, 15277, 15361, 15474, 15793, 15825, 16281, 14931, 6322, 12421, 15249, 12357, 2061, 11545, 4581, 12289, 2257, 13095, 15335, 973]
Data after sorted :
[58, 89, 186, 417, 609, 683, 973, 1123, 1321, 1937, 1959, 2000, 2001, 2061, 2241, 2257, 2433, 2693, 2789, 2878, 3025, 3120, 3135, 3169, 3313, 3315, 3459, 3641, 3861, 4113, 4124, 4132, 4581, 4628, 4660, 4709, 4741, 4866, 4960, 4971, 5235, 5244, 5601, 5734, 5765, 5823, 6322, 6343, 6394, 6431, 6529, 6545, 6626, 6701, 6741, 6993, 7154, 7155, 7165, 7235, 7481, 7563, 7753, 8005, 8115, 8165, 8427, 8517, 8675, 8729, 9243, 9305, 9371, 9513, 9574, 10241, 10251, 10275, 10623, 10793, 10805, 11217, 11435, 11509, 11545, 11563, 11687, 11723, 11764, 11983, 12043, 12196, 12289, 12357, 12401, 12405, 12421, 12437, 12455, 12898, 12949, 13016, 13095, 13133, 13195, 13217, 13244, 13293, 13520, 13652, 13895, 13910, 14083, 14358, 14481, 14881, 14931, 14979, 15089, 15136, 15249, 15277, 15335, 15361, 15474, 15793, 15825, 16281]
Execution Time : 
- 8364 nanoseconds
- 0.008364 milliseconds
- 8.364E-6 seconds
