File Name :caseF#3_8.in
Sort Algorithm Name : Shell_Sort
Data Before Sorted :
[5, 1, 1, 1, 1, 1, 5, 3, 5, 1, 1, 1, 1, 1, 4, 1, 6, 1, 1, 1, 1, 7, 6, 5, 3, 5, 7, 1, 2, 7, 3, 1, 5, 5, 8, 8, 1, 3, 1, 5, 1, 6, 2, 3, 7, 1, 1, 6, 3, 4, 1, 5, 4, 5, 8, 8, 5, 1, 1, 1, 5, 1, 5, 3]
Data after sorted :
[1, 1, 1, 1, 1, 1, 1, 1, 1, 1, 1, 1, 1, 1, 1, 1, 1, 1, 1, 1, 1, 1, 1, 1, 1, 1, 1, 2, 2, 3, 3, 3, 3, 3, 3, 3, 4, 4, 4, 5, 5, 5, 5, 5, 5, 5, 5, 5, 5, 5, 5, 5, 6, 6, 6, 6, 7, 7, 7, 7, 8, 8, 8, 8]
Execution Time : 
- 9540 nanoseconds
- 0.00954 milliseconds
- 9.54E-6 seconds
