File Name :caseF#3_7.in
Sort Algorithm Name : Shell_Sort
Data Before Sorted :
[6, 3, 5, 7, 7, 8, 1, 5, 3, 1, 1, 5, 6, 2, 2, 5, 1, 7, 1, 1, 3, 1, 7, 1, 7, 3, 8, 1, 5, 1, 1, 1, 1, 1, 5, 5, 5, 1, 5, 1, 1, 2, 1, 4, 7, 1, 5, 1, 5, 3, 8, 1, 5, 1, 7, 7, 2, 1, 3, 1, 8, 1, 1, 6]
Data after sorted :
[1, 1, 1, 1, 1, 1, 1, 1, 1, 1, 1, 1, 1, 1, 1, 1, 1, 1, 1, 1, 1, 1, 1, 1, 1, 1, 2, 2, 2, 2, 3, 3, 3, 3, 3, 3, 4, 5, 5, 5, 5, 5, 5, 5, 5, 5, 5, 5, 5, 6, 6, 6, 7, 7, 7, 7, 7, 7, 7, 7, 8, 8, 8, 8]
Execution Time : 
- 10368 nanoseconds
- 0.010368 milliseconds
- 1.0368E-5 seconds
