File Name :caseF#6_7.in
Sort Algorithm Name : Shell_Sort
Total of data : 512
Data Before Sorted :
[13, 3, 1, 7, 19, 11, 19, 12, 5, 1, 19, 13, 11, 1, 13, 12, 3, 1, 13, 18, 6, 15, 3, 21, 19, 13, 9, 9, 12, 15, 20, 20, 4, 18, 7, 1, 22, 1, 21, 19, 6, 13, 12, 7, 7, 17, 3, 4, 1, 12, 17, 4, 22, 1, 22, 1, 11, 22, 18, 17, 1, 19, 20, 6, 21, 13, 10, 1, 1, 9, 21, 1, 19, 11, 15, 1, 6, 19, 17, 21, 7, 16, 12, 7, 11, 1, 7, 1, 20, 1, 20, 18, 21, 8, 11, 5, 17, 17, 12, 17, 5, 9, 10, 9, 16, 1, 11, 21, 1, 21, 17, 15, 20, 7, 9, 17, 7, 16, 13, 6, 3, 5, 19, 2, 12, 5, 11, 5, 5, 1, 19, 11, 5, 7, 10, 19, 6, 5, 7, 17, 4, 19, 3, 14, 17, 20, 2, 15, 5, 21, 18, 1, 6, 5, 19, 5, 19, 1, 20, 17, 5, 3, 1, 1, 7, 1, 19, 9, 7, 1, 11, 13, 7, 1, 17, 9, 20, 20, 11, 1, 5, 3, 11, 11, 8, 1, 14, 1, 7, 14, 11, 16, 19, 1, 7, 22, 17, 13, 2, 7, 1, 1, 13, 7, 7, 2, 11, 11, 5, 15, 7, 15, 14, 5, 13, 12, 7, 19, 16, 13, 8, 12, 1, 12, 8, 1, 1, 1, 9, 4, 19, 9, 11, 22, 11, 11, 1, 17, 11, 19, 5, 19, 19, 10, 19, 20, 13, 1, 18, 12, 21, 8, 21, 21, 7, 13, 12, 6, 1, 1, 1, 15, 16, 17, 6, 17, 17, 15, 1, 10, 9, 1, 1, 5, 9, 13, 9, 4, 11, 4, 19, 19, 9, 21, 5, 1, 5, 16, 7, 21, 10, 13, 1, 11, 1, 5, 12, 15, 19, 13, 3, 5, 1, 13, 1, 22, 10, 1, 21, 11, 9, 18, 17, 8, 21, 3, 11, 7, 1, 18, 17, 5, 12, 8, 1, 21, 1, 15, 10, 1, 3, 3, 18, 17, 15, 13, 19, 12, 11, 15, 9, 9, 10, 9, 2, 9, 5, 11, 9, 7, 1, 3, 12, 19, 9, 1, 12, 21, 21, 4, 17, 19, 9, 5, 15, 22, 1, 11, 6, 3, 4, 12, 17, 7, 3, 8, 7, 17, 1, 5, 11, 18, 1, 14, 21, 14, 7, 1, 7, 21, 19, 1, 21, 7, 10, 16, 16, 13, 5, 17, 19, 14, 5, 15, 15, 13, 12, 21, 3, 15, 4, 10, 16, 19, 19, 21, 20, 17, 13, 13, 11, 4, 8, 16, 9, 4, 13, 15, 21, 7, 9, 9, 1, 10, 20, 1, 9, 7, 4, 17, 11, 13, 19, 17, 5, 11, 2, 6, 19, 1, 12, 10, 1, 15, 17, 14, 3, 2, 2, 21, 5, 10, 21, 1, 1, 15, 20, 16, 13, 13, 11, 9, 3, 19, 1, 12, 19, 3, 4, 20, 15, 1, 1, 1, 9, 10, 9, 3, 3, 12, 8, 11, 13, 6, 1, 17, 1, 11, 11, 7, 20, 7, 15, 1, 13, 9, 12, 1, 7, 7, 12, 14]
Data after sorted :
[1, 1, 1, 1, 1, 1, 1, 1, 1, 1, 1, 1, 1, 1, 1, 1, 1, 1, 1, 1, 1, 1, 1, 1, 1, 1, 1, 1, 1, 1, 1, 1, 1, 1, 1, 1, 1, 1, 1, 1, 1, 1, 1, 1, 1, 1, 1, 1, 1, 1, 1, 1, 1, 1, 1, 1, 1, 1, 1, 1, 1, 1, 1, 1, 1, 1, 1, 1, 1, 1, 1, 1, 1, 1, 1, 1, 2, 2, 2, 2, 2, 2, 2, 2, 3, 3, 3, 3, 3, 3, 3, 3, 3, 3, 3, 3, 3, 3, 3, 3, 3, 3, 3, 3, 3, 4, 4, 4, 4, 4, 4, 4, 4, 4, 4, 4, 4, 4, 4, 5, 5, 5, 5, 5, 5, 5, 5, 5, 5, 5, 5, 5, 5, 5, 5, 5, 5, 5, 5, 5, 5, 5, 5, 5, 5, 5, 5, 5, 5, 6, 6, 6, 6, 6, 6, 6, 6, 6, 6, 6, 6, 7, 7, 7, 7, 7, 7, 7, 7, 7, 7, 7, 7, 7, 7, 7, 7, 7, 7, 7, 7, 7, 7, 7, 7, 7, 7, 7, 7, 7, 7, 7, 7, 7, 7, 7, 7, 8, 8, 8, 8, 8, 8, 8, 8, 8, 8, 9, 9, 9, 9, 9, 9, 9, 9, 9, 9, 9, 9, 9, 9, 9, 9, 9, 9, 9, 9, 9, 9, 9, 9, 9, 9, 9, 9, 9, 9, 10, 10, 10, 10, 10, 10, 10, 10, 10, 10, 10, 10, 10, 10, 10, 11, 11, 11, 11, 11, 11, 11, 11, 11, 11, 11, 11, 11, 11, 11, 11, 11, 11, 11, 11, 11, 11, 11, 11, 11, 11, 11, 11, 11, 11, 11, 11, 11, 11, 11, 12, 12, 12, 12, 12, 12, 12, 12, 12, 12, 12, 12, 12, 12, 12, 12, 12, 12, 12, 12, 12, 12, 12, 12, 12, 13, 13, 13, 13, 13, 13, 13, 13, 13, 13, 13, 13, 13, 13, 13, 13, 13, 13, 13, 13, 13, 13, 13, 13, 13, 13, 13, 13, 13, 13, 14, 14, 14, 14, 14, 14, 14, 14, 14, 15, 15, 15, 15, 15, 15, 15, 15, 15, 15, 15, 15, 15, 15, 15, 15, 15, 15, 15, 15, 15, 15, 16, 16, 16, 16, 16, 16, 16, 16, 16, 16, 16, 16, 17, 17, 17, 17, 17, 17, 17, 17, 17, 17, 17, 17, 17, 17, 17, 17, 17, 17, 17, 17, 17, 17, 17, 17, 17, 17, 17, 17, 17, 17, 18, 18, 18, 18, 18, 18, 18, 18, 18, 18, 19, 19, 19, 19, 19, 19, 19, 19, 19, 19, 19, 19, 19, 19, 19, 19, 19, 19, 19, 19, 19, 19, 19, 19, 19, 19, 19, 19, 19, 19, 19, 19, 19, 19, 19, 19, 20, 20, 20, 20, 20, 20, 20, 20, 20, 20, 20, 20, 20, 20, 20, 20, 21, 21, 21, 21, 21, 21, 21, 21, 21, 21, 21, 21, 21, 21, 21, 21, 21, 21, 21, 21, 21, 21, 21, 21, 21, 21, 21, 22, 22, 22, 22, 22, 22, 22, 22]
Execution Time : 
- 130231 nanoseconds
- 0.130231 milliseconds
- 1.3023100000000002E-4 seconds
