File Name :caseA#5_10.in
Sort Algorithm Name : Shell_Sort
Data Before Sorted :
[12575, 34009, 44391, 497, 14471, 32593, 20249, 59390, 56353, 2349, 27613, 20136, 41912, 41476, 31417, 22369, 19779, 31033, 31221, 62225, 13550, 34201, 16833, 55579, 26239, 37633, 15425, 53477, 47899, 29627, 63189, 35097, 36333, 1979, 36981, 1505, 54874, 6222, 60321, 57729, 60949, 34107, 48129, 23112, 7669, 16244, 40745, 36446, 9476, 11686, 62937, 48663, 46785, 50177, 6637, 14057, 6023, 25333, 47081, 53139, 38543, 585, 20959, 63778, 22961, 36679, 31533, 9409, 30823, 32177, 49884, 34001, 19620, 45721, 6269, 30101, 28225, 7901, 27629, 62378, 33759, 6505, 45743, 23560, 52881, 19179, 19153, 11409, 5673, 38815, 37982, 65233, 46363, 16870, 36205, 14573, 38759, 47762, 23240, 63091, 62965, 7851, 61075, 38226, 58189, 51267, 17696, 62677, 57105, 35023, 21853, 64886, 33641, 49313, 46577, 8689, 8573, 40483, 58413, 31075, 41073, 1543, 38129, 35445, 62609, 46997, 10613, 6849, 14776, 60462, 8069, 16239, 38832, 41005, 5703, 4733, 18214, 37230, 30709, 18325, 27633, 21801, 22641, 425, 17147, 37038, 26817, 52289, 43585, 29483, 38033, 36417, 55073, 22577, 17448, 39233, 13241, 59037, 2423, 3981, 57292, 50369, 3251, 60227, 8401, 13842, 33, 41985, 6525, 25587, 31927, 6177, 58129, 22383, 15596, 50739, 15459, 55253, 44778, 15853, 5337, 24348, 65297, 59641, 1504, 34544, 65297, 17609, 28382, 29569, 37105, 26429, 43227, 6778, 29979, 13717, 32545, 24017, 13237, 4324, 53409, 40113, 62393, 11325, 19510, 35027, 22031, 38965, 59125, 34037, 15812, 40973, 36465, 17657, 63673, 45165, 25754, 39549, 54273, 59645, 22779, 47819, 12703, 58113, 64303, 57269, 4435, 32753, 7223, 56571, 30705, 62822, 19167, 53445, 34899, 15890, 5361, 53037, 16983, 55379, 41089, 44047, 63438, 44677, 43908, 39181, 62143, 14863, 29845, 35568, 5023, 53233, 40753, 20081, 33569, 2403]
Data after sorted :
[33, 425, 497, 585, 1504, 1505, 1543, 1979, 2349, 2403, 2423, 3251, 3981, 4324, 4435, 4733, 5023, 5337, 5361, 5673, 5703, 6023, 6177, 6222, 6269, 6505, 6525, 6637, 6778, 6849, 7223, 7669, 7851, 7901, 8069, 8401, 8573, 8689, 9409, 9476, 10613, 11325, 11409, 11686, 12575, 12703, 13237, 13241, 13550, 13717, 13842, 14057, 14471, 14573, 14776, 14863, 15425, 15459, 15596, 15812, 15853, 15890, 16239, 16244, 16833, 16870, 16983, 17147, 17448, 17609, 17657, 17696, 18214, 18325, 19153, 19167, 19179, 19510, 19620, 19779, 20081, 20136, 20249, 20959, 21801, 21853, 22031, 22369, 22383, 22577, 22641, 22779, 22961, 23112, 23240, 23560, 24017, 24348, 25333, 25587, 25754, 26239, 26429, 26817, 27613, 27629, 27633, 28225, 28382, 29483, 29569, 29627, 29845, 29979, 30101, 30705, 30709, 30823, 31033, 31075, 31221, 31417, 31533, 31927, 32177, 32545, 32593, 32753, 33569, 33641, 33759, 34001, 34009, 34037, 34107, 34201, 34544, 34899, 35023, 35027, 35097, 35445, 35568, 36205, 36333, 36417, 36446, 36465, 36679, 36981, 37038, 37105, 37230, 37633, 37982, 38033, 38129, 38226, 38543, 38759, 38815, 38832, 38965, 39181, 39233, 39549, 40113, 40483, 40745, 40753, 40973, 41005, 41073, 41089, 41476, 41912, 41985, 43227, 43585, 43908, 44047, 44391, 44677, 44778, 45165, 45721, 45743, 46363, 46577, 46785, 46997, 47081, 47762, 47819, 47899, 48129, 48663, 49313, 49884, 50177, 50369, 50739, 51267, 52289, 52881, 53037, 53139, 53233, 53409, 53445, 53477, 54273, 54874, 55073, 55253, 55379, 55579, 56353, 56571, 57105, 57269, 57292, 57729, 58113, 58129, 58189, 58413, 59037, 59125, 59390, 59641, 59645, 60227, 60321, 60462, 60949, 61075, 62143, 62225, 62378, 62393, 62609, 62677, 62822, 62937, 62965, 63091, 63189, 63438, 63673, 63778, 64303, 64886, 65233, 65297, 65297]
Execution Time : 
- 30830 nanoseconds
- 0.03083 milliseconds
- 3.083E-5 seconds
