File Name :caseF#3_3.in
Sort Algorithm Name : Shell_Sort
Data Before Sorted :
[7, 1, 8, 3, 1, 7, 4, 4, 3, 6, 8, 1, 1, 3, 2, 2, 1, 5, 4, 1, 1, 1, 3, 7, 3, 7, 1, 5, 7, 5, 8, 5, 1, 5, 1, 4, 1, 1, 5, 6, 5, 1, 5, 1, 3, 6, 6, 5, 1, 8, 6, 1, 4, 7, 1, 3, 2, 7, 3, 3, 5, 2, 6, 1]
Data after sorted :
[1, 1, 1, 1, 1, 1, 1, 1, 1, 1, 1, 1, 1, 1, 1, 1, 1, 1, 1, 2, 2, 2, 2, 3, 3, 3, 3, 3, 3, 3, 3, 3, 4, 4, 4, 4, 4, 5, 5, 5, 5, 5, 5, 5, 5, 5, 5, 6, 6, 6, 6, 6, 6, 7, 7, 7, 7, 7, 7, 7, 8, 8, 8, 8]
Execution Time : 
- 8725 nanoseconds
- 0.008725 milliseconds
- 8.725E-6 seconds
