File Name :caseA#4_8.in
Sort Algorithm Name : Shell_Sort
Total of data : 128
Data Before Sorted :
[433, 13135, 9602, 5432, 12293, 12712, 9361, 9345, 11459, 9501, 10816, 12738, 10695, 12803, 9185, 14869, 13425, 2009, 10116, 14499, 9209, 14223, 13805, 8500, 8557, 9959, 10507, 7561, 6745, 1227, 14745, 4279, 12152, 694, 9496, 2313, 1965, 3680, 11677, 10081, 10047, 7551, 8737, 10793, 5073, 10978, 11249, 16158, 12985, 9719, 11781, 6033, 15497, 9544, 14406, 736, 6145, 5364, 2931, 1223, 15284, 2624, 13118, 6201, 6681, 12017, 13853, 2909, 1609, 1488, 5445, 11737, 10457, 1058, 11453, 13309, 9937, 5633, 2757, 13307, 6761, 7856, 15341, 2417, 6507, 1561, 4715, 653, 2141, 5795, 12376, 14440, 3504, 12419, 8749, 16261, 7233, 5433, 2159, 12465, 15088, 2545, 8221, 13396, 15916, 4019, 5409, 11057, 12125, 12631, 2977, 13973, 15663, 16234, 2943, 6098, 5983, 3424, 10121, 7245, 1604, 3121, 16101, 2859, 4073, 5873, 6112, 12061]
Data after sorted :
[433, 653, 694, 736, 1058, 1223, 1227, 1488, 1561, 1604, 1609, 1965, 2009, 2141, 2159, 2313, 2417, 2545, 2624, 2757, 2859, 2909, 2931, 2943, 2977, 3121, 3424, 3504, 3680, 4019, 4073, 4279, 4715, 5073, 5364, 5409, 5432, 5433, 5445, 5633, 5795, 5873, 5983, 6033, 6098, 6112, 6145, 6201, 6507, 6681, 6745, 6761, 7233, 7245, 7551, 7561, 7856, 8221, 8500, 8557, 8737, 8749, 9185, 9209, 9345, 9361, 9496, 9501, 9544, 9602, 9719, 9937, 9959, 10047, 10081, 10116, 10121, 10457, 10507, 10695, 10793, 10816, 10978, 11057, 11249, 11453, 11459, 11677, 11737, 11781, 12017, 12061, 12125, 12152, 12293, 12376, 12419, 12465, 12631, 12712, 12738, 12803, 12985, 13118, 13135, 13307, 13309, 13396, 13425, 13805, 13853, 13973, 14223, 14406, 14440, 14499, 14745, 14869, 15088, 15284, 15341, 15497, 15663, 15916, 16101, 16158, 16234, 16261]
Execution Time : 
- 16251 nanoseconds
- 0.016251 milliseconds
- 1.6251E-5 seconds
