File Name :caseF#4_1.in
Sort Algorithm Name : Shell_Sort
Total of data : 128
Data Before Sorted :
[6, 3, 1, 6, 6, 10, 5, 3, 8, 11, 5, 11, 7, 5, 9, 2, 1, 1, 7, 10, 2, 9, 7, 3, 6, 1, 9, 2, 7, 6, 6, 2, 5, 6, 6, 3, 10, 10, 11, 3, 6, 7, 9, 9, 1, 8, 1, 10, 5, 5, 5, 3, 11, 7, 8, 8, 3, 3, 3, 10, 6, 5, 10, 4, 1, 5, 11, 4, 8, 8, 3, 10, 8, 11, 10, 8, 5, 1, 6, 3, 1, 5, 6, 11, 1, 3, 10, 4, 2, 6, 1, 10, 11, 2, 6, 6, 5, 1, 2, 7, 2, 2, 1, 5, 8, 11, 8, 7, 5, 9, 9, 2, 7, 9, 3, 10, 3, 4, 8, 1, 10, 8, 9, 6, 2, 1, 3, 9]
Data after sorted :
[1, 1, 1, 1, 1, 1, 1, 1, 1, 1, 1, 1, 1, 1, 1, 2, 2, 2, 2, 2, 2, 2, 2, 2, 2, 2, 3, 3, 3, 3, 3, 3, 3, 3, 3, 3, 3, 3, 3, 3, 3, 4, 4, 4, 4, 5, 5, 5, 5, 5, 5, 5, 5, 5, 5, 5, 5, 5, 5, 6, 6, 6, 6, 6, 6, 6, 6, 6, 6, 6, 6, 6, 6, 6, 6, 7, 7, 7, 7, 7, 7, 7, 7, 7, 8, 8, 8, 8, 8, 8, 8, 8, 8, 8, 8, 8, 9, 9, 9, 9, 9, 9, 9, 9, 9, 9, 10, 10, 10, 10, 10, 10, 10, 10, 10, 10, 10, 10, 10, 11, 11, 11, 11, 11, 11, 11, 11, 11]
Execution Time : 
- 17795 nanoseconds
- 0.017795 milliseconds
- 1.7794999999999998E-5 seconds
