File Name :caseC#3_10.in
Sort Algorithm Name : Shell_Sort
Total of data : 64
Data Before Sorted :
[4065, 4043, 3881, 3769, 3758, 3692, 3687, 3673, 3672, 3669, 3662, 3531, 3454, 3345, 3223, 3177, 3171, 3128, 3116, 3068, 3025, 2988, 2951, 2897, 2839, 2745, 2509, 2485, 2450, 2395, 2177, 2161, 2145, 1932, 1723, 1691, 1502, 1409, 1329, 1257, 1237, 1109, 1105, 1023, 899, 885, 866, 851, 825, 747, 633, 604, 602, 561, 377, 307, 278, 277, 274, 247, 222, 159, 90, 59]
Data after sorted :
[59, 90, 159, 222, 247, 274, 277, 278, 307, 377, 561, 602, 604, 633, 747, 825, 851, 866, 885, 899, 1023, 1105, 1109, 1237, 1257, 1329, 1409, 1502, 1691, 1723, 1932, 2145, 2161, 2177, 2395, 2450, 2485, 2509, 2745, 2839, 2897, 2951, 2988, 3025, 3068, 3116, 3128, 3171, 3177, 3223, 3345, 3454, 3531, 3662, 3669, 3672, 3673, 3687, 3692, 3758, 3769, 3881, 4043, 4065]
Execution Time : 
- 3906 nanoseconds
- 0.003906 milliseconds
- 3.906E-6 seconds
