File Name :caseC#5_10.in
Sort Algorithm Name : Shell_Sort
Data Before Sorted :
[65473, 64543, 64417, 64213, 64182, 63858, 63790, 63675, 63457, 63305, 62997, 62928, 62369, 62295, 62139, 62078, 61815, 61498, 60459, 60401, 59497, 58908, 58899, 58732, 58677, 57505, 57345, 57343, 57081, 56823, 56577, 56529, 56418, 56249, 55713, 55617, 55552, 55040, 54849, 54717, 54197, 54193, 53623, 53462, 53017, 52505, 52317, 51949, 51903, 51861, 51681, 51533, 51457, 51203, 51134, 51068, 50938, 50897, 50745, 50542, 50049, 50024, 49767, 49599, 49065, 48897, 48749, 48553, 48317, 47933, 47823, 47637, 47101, 47041, 46839, 46777, 46483, 46425, 46329, 46125, 45589, 45515, 45243, 44847, 44257, 44238, 43985, 43735, 43405, 43385, 42929, 42777, 42581, 42045, 41253, 41137, 40721, 40333, 40121, 40057, 39955, 39785, 39539, 39477, 39117, 38991, 38867, 38833, 38791, 38735, 38038, 37996, 37502, 37498, 36881, 36584, 36061, 36025, 35963, 35517, 35473, 35309, 35173, 34533, 34405, 33937, 33516, 33389, 33326, 32909, 32497, 32113, 31985, 31828, 31761, 31645, 31452, 31293, 31105, 30199, 30092, 30027, 29388, 29377, 29305, 29249, 29148, 28877, 28737, 28707, 28603, 28238, 28195, 27632, 27562, 27245, 26846, 26805, 26113, 25833, 25249, 24903, 24251, 24233, 24185, 24159, 24041, 23335, 23329, 22841, 22343, 21893, 21437, 21375, 20633, 20605, 20602, 20595, 20539, 20353, 20225, 20061, 20017, 19860, 19810, 19325, 19123, 18070, 17721, 17701, 17635, 17601, 17465, 17386, 17218, 17069, 16925, 16788, 16173, 16092, 15233, 15172, 15019, 14597, 14251, 13861, 13025, 12737, 12343, 11953, 11914, 11913, 11512, 11461, 11273, 10814, 10734, 10665, 10289, 10121, 10077, 9907, 9699, 9319, 9182, 9015, 8967, 8415, 8378, 7761, 7177, 7160, 7087, 6134, 5867, 5697, 5489, 5414, 5359, 4961, 4737, 4565, 4447, 3973, 3905, 3823, 3529, 3211, 2562, 2145, 2101, 1860, 1025, 900, 695, 487]
Data after sorted :
[487, 695, 900, 1025, 1860, 2101, 2145, 2562, 3211, 3529, 3823, 3905, 3973, 4447, 4565, 4737, 4961, 5359, 5414, 5489, 5697, 5867, 6134, 7087, 7160, 7177, 7761, 8378, 8415, 8967, 9015, 9182, 9319, 9699, 9907, 10077, 10121, 10289, 10665, 10734, 10814, 11273, 11461, 11512, 11913, 11914, 11953, 12343, 12737, 13025, 13861, 14251, 14597, 15019, 15172, 15233, 16092, 16173, 16788, 16925, 17069, 17218, 17386, 17465, 17601, 17635, 17701, 17721, 18070, 19123, 19325, 19810, 19860, 20017, 20061, 20225, 20353, 20539, 20595, 20602, 20605, 20633, 21375, 21437, 21893, 22343, 22841, 23329, 23335, 24041, 24159, 24185, 24233, 24251, 24903, 25249, 25833, 26113, 26805, 26846, 27245, 27562, 27632, 28195, 28238, 28603, 28707, 28737, 28877, 29148, 29249, 29305, 29377, 29388, 30027, 30092, 30199, 31105, 31293, 31452, 31645, 31761, 31828, 31985, 32113, 32497, 32909, 33326, 33389, 33516, 33937, 34405, 34533, 35173, 35309, 35473, 35517, 35963, 36025, 36061, 36584, 36881, 37498, 37502, 37996, 38038, 38735, 38791, 38833, 38867, 38991, 39117, 39477, 39539, 39785, 39955, 40057, 40121, 40333, 40721, 41137, 41253, 42045, 42581, 42777, 42929, 43385, 43405, 43735, 43985, 44238, 44257, 44847, 45243, 45515, 45589, 46125, 46329, 46425, 46483, 46777, 46839, 47041, 47101, 47637, 47823, 47933, 48317, 48553, 48749, 48897, 49065, 49599, 49767, 50024, 50049, 50542, 50745, 50897, 50938, 51068, 51134, 51203, 51457, 51533, 51681, 51861, 51903, 51949, 52317, 52505, 53017, 53462, 53623, 54193, 54197, 54717, 54849, 55040, 55552, 55617, 55713, 56249, 56418, 56529, 56577, 56823, 57081, 57343, 57345, 57505, 58677, 58732, 58899, 58908, 59497, 60401, 60459, 61498, 61815, 62078, 62139, 62295, 62369, 62928, 62997, 63305, 63457, 63675, 63790, 63858, 64182, 64213, 64417, 64543, 65473]
Execution Time : 
- 12403 nanoseconds
- 0.012403 milliseconds
- 1.2403000000000001E-5 seconds
