File Name :caseB#5_9.in
Sort Algorithm Name : Shell_Sort
Data Before Sorted :
[455, 829, 1278, 1329, 1745, 1888, 2054, 2081, 2161, 2766, 3176, 3329, 3503, 3674, 3983, 3995, 4126, 4151, 4381, 4448, 4871, 4960, 5296, 6394, 6541, 6742, 7352, 7597, 7939, 8391, 8465, 8597, 8654, 8770, 8953, 8985, 9324, 9483, 9617, 9756, 9874, 9921, 10085, 10185, 10327, 10489, 10961, 11748, 12089, 12258, 12512, 12577, 12801, 12863, 13193, 13309, 13595, 13723, 13781, 14055, 14056, 14518, 14566, 14886, 14961, 15232, 15457, 15613, 15865, 16204, 16379, 16964, 17450, 17558, 17589, 18029, 18120, 18223, 18393, 18508, 18533, 19209, 19713, 19800, 20170, 20367, 20401, 20897, 20929, 21985, 22653, 22962, 23289, 23393, 23494, 23819, 23873, 24005, 24122, 24155, 24318, 24377, 24385, 24452, 24495, 25015, 25610, 25886, 26539, 27105, 27457, 28035, 28121, 28794, 28849, 29029, 29097, 29314, 29501, 30237, 30471, 30580, 30649, 31566, 31851, 32357, 32405, 32465, 33206, 33250, 33489, 33602, 33633, 33758, 34665, 34987, 35005, 35319, 37276, 37356, 37487, 38646, 38957, 39198, 39213, 39549, 39561, 39586, 39985, 40013, 40193, 40326, 40452, 40549, 40945, 40987, 41036, 41117, 41176, 41383, 41483, 42089, 42831, 43100, 43689, 43799, 43943, 44304, 44841, 44957, 45252, 45272, 45417, 45449, 45689, 45836, 45925, 45937, 46252, 46401, 46429, 46489, 46599, 46707, 46883, 47825, 47872, 48093, 48126, 48249, 48289, 48972, 49265, 49361, 49440, 49517, 49534, 49731, 49917, 50689, 50729, 50897, 50927, 51129, 51612, 51755, 52217, 52237, 53433, 53437, 53909, 54005, 54543, 54669, 54901, 55013, 55249, 55365, 56333, 56913, 57123, 57238, 57313, 57475, 57967, 58280, 58539, 58558, 58945, 60023, 60161, 60343, 60777, 60781, 60961, 61009, 61138, 61352, 61966, 62026, 62111, 62465, 62699, 62947, 63041, 63074, 63302, 63973, 64209, 64248, 64569, 64681, 65165, 65183, 65311, 65446]
Data after sorted :
[455, 829, 1278, 1329, 1745, 1888, 2054, 2081, 2161, 2766, 3176, 3329, 3503, 3674, 3983, 3995, 4126, 4151, 4381, 4448, 4871, 4960, 5296, 6394, 6541, 6742, 7352, 7597, 7939, 8391, 8465, 8597, 8654, 8770, 8953, 8985, 9324, 9483, 9617, 9756, 9874, 9921, 10085, 10185, 10327, 10489, 10961, 11748, 12089, 12258, 12512, 12577, 12801, 12863, 13193, 13309, 13595, 13723, 13781, 14055, 14056, 14518, 14566, 14886, 14961, 15232, 15457, 15613, 15865, 16204, 16379, 16964, 17450, 17558, 17589, 18029, 18120, 18223, 18393, 18508, 18533, 19209, 19713, 19800, 20170, 20367, 20401, 20897, 20929, 21985, 22653, 22962, 23289, 23393, 23494, 23819, 23873, 24005, 24122, 24155, 24318, 24377, 24385, 24452, 24495, 25015, 25610, 25886, 26539, 27105, 27457, 28035, 28121, 28794, 28849, 29029, 29097, 29314, 29501, 30237, 30471, 30580, 30649, 31566, 31851, 32357, 32405, 32465, 33206, 33250, 33489, 33602, 33633, 33758, 34665, 34987, 35005, 35319, 37276, 37356, 37487, 38646, 38957, 39198, 39213, 39549, 39561, 39586, 39985, 40013, 40193, 40326, 40452, 40549, 40945, 40987, 41036, 41117, 41176, 41383, 41483, 42089, 42831, 43100, 43689, 43799, 43943, 44304, 44841, 44957, 45252, 45272, 45417, 45449, 45689, 45836, 45925, 45937, 46252, 46401, 46429, 46489, 46599, 46707, 46883, 47825, 47872, 48093, 48126, 48249, 48289, 48972, 49265, 49361, 49440, 49517, 49534, 49731, 49917, 50689, 50729, 50897, 50927, 51129, 51612, 51755, 52217, 52237, 53433, 53437, 53909, 54005, 54543, 54669, 54901, 55013, 55249, 55365, 56333, 56913, 57123, 57238, 57313, 57475, 57967, 58280, 58539, 58558, 58945, 60023, 60161, 60343, 60777, 60781, 60961, 61009, 61138, 61352, 61966, 62026, 62111, 62465, 62699, 62947, 63041, 63074, 63302, 63973, 64209, 64248, 64569, 64681, 65165, 65183, 65311, 65446]
Execution Time : 
- 9630 nanoseconds
- 0.00963 milliseconds
- 9.63E-6 seconds
