File Name :caseD#5_10.in
Sort Algorithm Name : Shell_Sort
Total of data : 256
Data Before Sorted :
[393, 527, 577, 903, 948, 1354, 1495, 1641, 1869, 1937, 2015, 2024, 2231, 2302, 2445, 2694, 2817, 3140, 3141, 3143, 3297, 3413, 3856, 3981, 3993, 4141, 4389, 4399, 4524, 4729, 5534, 5606, 5621, 5759, 5867, 5936, 6147, 6163, 6385, 7040, 7225, 7297, 7715, 8220, 8563, 8597, 8657, 9153, 9641, 9859, 9876, 10229, 10377, 10547, 10808, 11175, 11250, 11329, 11923, 12050, 12457, 12671, 12674, 13353, 15144, 15227, 15289, 15643, 17567, 18505, 18589, 18841, 19090, 19094, 19158, 19269, 19546, 20145, 20534, 21049, 21601, 21653, 21721, 22023, 22173, 22452, 22936, 23003, 23163, 23411, 23781, 24276, 24800, 24929, 25157, 25790, 25823, 26036, 26059, 26306, 26313, 26398, 26517, 26864, 27053, 27129, 27130, 27138, 27623, 27999, 28291, 28481, 29189, 29569, 29866, 30291, 30417, 30492, 31042, 31285, 31425, 31438, 31463, 31886, 32005, 32554, 32565, 33125, 33249, 33575, 33945, 33996, 34371, 34640, 34848, 35219, 35587, 35647, 36095, 36177, 36243, 36391, 36483, 36989, 37291, 37568, 37653, 38427, 38482, 38758, 38821, 38993, 39340, 39571, 39795, 40093, 40193, 40487, 40740, 41194, 41601, 41775, 42129, 42222, 42517, 42803, 42957, 43503, 43553, 44165, 44775, 45105, 45301, 45779, 46185, 46218, 46329, 46501, 47152, 47261, 48064, 48712, 48959, 49249, 49537, 50225, 50433, 50800, 50801, 51023, 51238, 51499, 51577, 51717, 51896, 52037, 52407, 52833, 53248, 53301, 53313, 53361, 53609, 53785, 54569, 54897, 55457, 56369, 56668, 56862, 57057, 57289, 57598, 57673, 58763, 58817, 59055, 59072, 59275, 59329, 59664, 59947, 60325, 60409, 60622, 60693, 60919, 61813, 62143, 62209, 62232, 62341, 62405, 62411, 62492, 62529, 62617, 62694, 62792, 63281, 63329, 63373, 63635, 63643, 63678, 63739, 64170, 64177, 64209, 64366, 64481, 64756, 65395, 59764, 12458, 10233]
Data after sorted :
[393, 527, 577, 903, 948, 1354, 1495, 1641, 1869, 1937, 2015, 2024, 2231, 2302, 2445, 2694, 2817, 3140, 3141, 3143, 3297, 3413, 3856, 3981, 3993, 4141, 4389, 4399, 4524, 4729, 5534, 5606, 5621, 5759, 5867, 5936, 6147, 6163, 6385, 7040, 7225, 7297, 7715, 8220, 8563, 8597, 8657, 9153, 9641, 9859, 9876, 10229, 10233, 10377, 10547, 10808, 11175, 11250, 11329, 11923, 12050, 12457, 12458, 12671, 12674, 13353, 15144, 15227, 15289, 15643, 17567, 18505, 18589, 18841, 19090, 19094, 19158, 19269, 19546, 20145, 20534, 21049, 21601, 21653, 21721, 22023, 22173, 22452, 22936, 23003, 23163, 23411, 23781, 24276, 24800, 24929, 25157, 25790, 25823, 26036, 26059, 26306, 26313, 26398, 26517, 26864, 27053, 27129, 27130, 27138, 27623, 27999, 28291, 28481, 29189, 29569, 29866, 30291, 30417, 30492, 31042, 31285, 31425, 31438, 31463, 31886, 32005, 32554, 32565, 33125, 33249, 33575, 33945, 33996, 34371, 34640, 34848, 35219, 35587, 35647, 36095, 36177, 36243, 36391, 36483, 36989, 37291, 37568, 37653, 38427, 38482, 38758, 38821, 38993, 39340, 39571, 39795, 40093, 40193, 40487, 40740, 41194, 41601, 41775, 42129, 42222, 42517, 42803, 42957, 43503, 43553, 44165, 44775, 45105, 45301, 45779, 46185, 46218, 46329, 46501, 47152, 47261, 48064, 48712, 48959, 49249, 49537, 50225, 50433, 50800, 50801, 51023, 51238, 51499, 51577, 51717, 51896, 52037, 52407, 52833, 53248, 53301, 53313, 53361, 53609, 53785, 54569, 54897, 55457, 56369, 56668, 56862, 57057, 57289, 57598, 57673, 58763, 58817, 59055, 59072, 59275, 59329, 59664, 59764, 59947, 60325, 60409, 60622, 60693, 60919, 61813, 62143, 62209, 62232, 62341, 62405, 62411, 62492, 62529, 62617, 62694, 62792, 63281, 63329, 63373, 63635, 63643, 63678, 63739, 64170, 64177, 64209, 64366, 64481, 64756, 65395]
Execution Time : 
- 11694 nanoseconds
- 0.011694 milliseconds
- 1.1694E-5 seconds
