File Name :caseB#3_3.in
Sort Algorithm Name : Shell_Sort
Total of data : 64
Data Before Sorted :
[63, 66, 301, 321, 464, 744, 748, 924, 929, 1039, 1081, 1165, 1327, 1328, 1361, 1417, 1473, 1490, 1545, 1585, 1605, 1709, 1879, 1904, 2054, 2149, 2176, 2297, 2425, 2437, 2441, 2556, 2613, 2689, 2720, 2755, 2798, 2913, 3021, 3033, 3109, 3159, 3183, 3227, 3278, 3321, 3426, 3476, 3497, 3521, 3561, 3589, 3603, 3609, 3641, 3655, 3665, 3668, 3771, 4021, 4033, 4046, 4059, 4071]
Data after sorted :
[63, 66, 301, 321, 464, 744, 748, 924, 929, 1039, 1081, 1165, 1327, 1328, 1361, 1417, 1473, 1490, 1545, 1585, 1605, 1709, 1879, 1904, 2054, 2149, 2176, 2297, 2425, 2437, 2441, 2556, 2613, 2689, 2720, 2755, 2798, 2913, 3021, 3033, 3109, 3159, 3183, 3227, 3278, 3321, 3426, 3476, 3497, 3521, 3561, 3589, 3603, 3609, 3641, 3655, 3665, 3668, 3771, 4021, 4033, 4046, 4059, 4071]
Execution Time : 
- 3207 nanoseconds
- 0.003207 milliseconds
- 3.2070000000000004E-6 seconds
