File Name :caseA#4_4.in
Sort Algorithm Name : Shell_Sort
Data Before Sorted :
[11683, 11217, 5729, 1563, 8329, 12118, 15885, 11189, 15305, 13549, 14345, 7341, 7239, 11261, 12002, 1696, 2814, 2714, 3545, 6073, 909, 9217, 10617, 1505, 15865, 11626, 11643, 10841, 11613, 7740, 6081, 11847, 9266, 14397, 1249, 10981, 453, 6915, 14847, 13763, 3193, 3922, 12091, 15980, 4752, 5807, 10921, 481, 12029, 3729, 13447, 1641, 4949, 10105, 7845, 15595, 14850, 4614, 15531, 15033, 14758, 2132, 7937, 2276, 7757, 5743, 3552, 5857, 12481, 13284, 31, 5224, 7068, 9985, 14542, 15937, 9697, 10328, 7224, 7341, 13037, 11507, 14941, 2281, 14225, 13381, 8221, 2663, 6533, 3249, 14561, 5099, 16129, 14593, 7553, 9293, 8338, 15325, 9546, 10817, 3503, 2168, 7687, 6377, 9561, 1162, 2291, 10186, 5605, 16017, 14465, 5977, 12381, 8257, 14792, 15803, 6113, 15587, 2868, 1437, 6601, 1973, 9331, 5755, 12553, 12625, 14028, 16073]
Data after sorted :
[31, 453, 481, 909, 1162, 1249, 1437, 1505, 1563, 1641, 1696, 1973, 2132, 2168, 2276, 2281, 2291, 2663, 2714, 2814, 2868, 3193, 3249, 3503, 3545, 3552, 3729, 3922, 4614, 4752, 4949, 5099, 5224, 5605, 5729, 5743, 5755, 5807, 5857, 5977, 6073, 6081, 6113, 6377, 6533, 6601, 6915, 7068, 7224, 7239, 7341, 7341, 7553, 7687, 7740, 7757, 7845, 7937, 8221, 8257, 8329, 8338, 9217, 9266, 9293, 9331, 9546, 9561, 9697, 9985, 10105, 10186, 10328, 10617, 10817, 10841, 10921, 10981, 11189, 11217, 11261, 11507, 11613, 11626, 11643, 11683, 11847, 12002, 12029, 12091, 12118, 12381, 12481, 12553, 12625, 13037, 13284, 13381, 13447, 13549, 13763, 14028, 14225, 14345, 14397, 14465, 14542, 14561, 14593, 14758, 14792, 14847, 14850, 14941, 15033, 15305, 15325, 15531, 15587, 15595, 15803, 15865, 15885, 15937, 15980, 16017, 16073, 16129]
Execution Time : 
- 13894 nanoseconds
- 0.013894 milliseconds
- 1.3894E-5 seconds
