File Name :caseF#6_5.in
Sort Algorithm Name : Shell_Sort
Total of data : 512
Data Before Sorted :
[18, 15, 13, 7, 5, 15, 9, 1, 19, 1, 11, 1, 19, 13, 9, 19, 1, 7, 11, 22, 2, 1, 20, 9, 13, 15, 1, 7, 21, 3, 21, 21, 3, 13, 18, 15, 3, 21, 9, 13, 7, 22, 15, 12, 5, 14, 13, 9, 5, 1, 11, 9, 19, 6, 12, 5, 6, 21, 1, 1, 5, 11, 3, 8, 21, 5, 15, 5, 15, 7, 19, 22, 12, 1, 17, 19, 13, 13, 13, 17, 13, 1, 1, 4, 16, 18, 11, 1, 3, 15, 15, 1, 12, 19, 7, 13, 7, 1, 3, 19, 3, 15, 7, 11, 8, 11, 9, 13, 21, 22, 10, 17, 6, 19, 11, 4, 15, 1, 1, 11, 5, 17, 1, 15, 19, 3, 5, 15, 17, 13, 17, 20, 13, 17, 3, 17, 2, 5, 16, 17, 18, 7, 1, 3, 1, 13, 3, 7, 10, 17, 1, 17, 11, 20, 5, 8, 15, 1, 15, 2, 4, 13, 12, 10, 1, 19, 17, 13, 1, 17, 15, 11, 13, 1, 13, 13, 20, 9, 1, 9, 3, 13, 22, 4, 9, 9, 15, 5, 9, 1, 1, 13, 17, 9, 15, 15, 15, 15, 19, 18, 1, 6, 8, 10, 1, 21, 9, 19, 5, 9, 12, 19, 18, 3, 15, 9, 22, 17, 17, 1, 20, 7, 17, 9, 19, 13, 11, 11, 20, 17, 8, 13, 10, 3, 3, 1, 5, 19, 11, 9, 5, 21, 17, 6, 7, 15, 7, 22, 9, 1, 5, 9, 12, 14, 1, 7, 3, 11, 1, 11, 13, 17, 7, 13, 1, 1, 5, 12, 11, 5, 11, 19, 11, 20, 13, 10, 8, 16, 7, 19, 19, 17, 8, 17, 3, 22, 5, 15, 11, 5, 20, 1, 14, 1, 3, 3, 1, 22, 17, 17, 12, 9, 3, 15, 1, 6, 13, 3, 1, 21, 1, 21, 1, 20, 21, 10, 11, 1, 11, 5, 9, 4, 3, 21, 1, 17, 17, 17, 18, 19, 21, 3, 15, 17, 1, 11, 19, 2, 1, 3, 20, 13, 5, 13, 8, 1, 21, 11, 13, 3, 7, 11, 19, 22, 7, 16, 20, 6, 14, 13, 21, 15, 8, 21, 1, 21, 5, 17, 5, 5, 12, 7, 6, 1, 5, 7, 1, 7, 11, 17, 17, 4, 3, 3, 1, 7, 11, 3, 16, 2, 21, 16, 21, 1, 17, 11, 7, 1, 21, 19, 19, 5, 8, 11, 4, 16, 19, 20, 1, 5, 11, 19, 18, 15, 5, 13, 17, 8, 12, 7, 1, 9, 4, 12, 19, 7, 3, 21, 3, 17, 3, 15, 5, 12, 13, 1, 16, 5, 3, 17, 2, 1, 19, 11, 1, 17, 6, 12, 13, 1, 11, 1, 7, 11, 1, 7, 5, 5, 5, 7, 14, 21, 11, 19, 7, 9, 19, 9, 20, 7, 14, 1, 21, 3, 16, 17, 5, 12, 18, 1, 5, 7, 1, 13, 13, 15, 12, 7, 8, 1, 17, 13, 3, 1, 21, 5, 19, 19, 16, 17, 3, 14, 15, 5, 21, 12, 12, 22, 6, 7, 4, 1]
Data after sorted :
[1, 1, 1, 1, 1, 1, 1, 1, 1, 1, 1, 1, 1, 1, 1, 1, 1, 1, 1, 1, 1, 1, 1, 1, 1, 1, 1, 1, 1, 1, 1, 1, 1, 1, 1, 1, 1, 1, 1, 1, 1, 1, 1, 1, 1, 1, 1, 1, 1, 1, 1, 1, 1, 1, 1, 1, 1, 1, 1, 1, 1, 1, 1, 1, 1, 1, 1, 1, 1, 2, 2, 2, 2, 2, 2, 3, 3, 3, 3, 3, 3, 3, 3, 3, 3, 3, 3, 3, 3, 3, 3, 3, 3, 3, 3, 3, 3, 3, 3, 3, 3, 3, 3, 3, 3, 3, 3, 3, 3, 3, 4, 4, 4, 4, 4, 4, 4, 4, 4, 5, 5, 5, 5, 5, 5, 5, 5, 5, 5, 5, 5, 5, 5, 5, 5, 5, 5, 5, 5, 5, 5, 5, 5, 5, 5, 5, 5, 5, 5, 5, 5, 5, 5, 5, 5, 5, 5, 6, 6, 6, 6, 6, 6, 6, 6, 6, 6, 7, 7, 7, 7, 7, 7, 7, 7, 7, 7, 7, 7, 7, 7, 7, 7, 7, 7, 7, 7, 7, 7, 7, 7, 7, 7, 7, 7, 7, 7, 7, 7, 7, 8, 8, 8, 8, 8, 8, 8, 8, 8, 8, 8, 8, 9, 9, 9, 9, 9, 9, 9, 9, 9, 9, 9, 9, 9, 9, 9, 9, 9, 9, 9, 9, 9, 9, 9, 9, 9, 10, 10, 10, 10, 10, 10, 10, 11, 11, 11, 11, 11, 11, 11, 11, 11, 11, 11, 11, 11, 11, 11, 11, 11, 11, 11, 11, 11, 11, 11, 11, 11, 11, 11, 11, 11, 11, 11, 11, 11, 11, 12, 12, 12, 12, 12, 12, 12, 12, 12, 12, 12, 12, 12, 12, 12, 12, 12, 12, 13, 13, 13, 13, 13, 13, 13, 13, 13, 13, 13, 13, 13, 13, 13, 13, 13, 13, 13, 13, 13, 13, 13, 13, 13, 13, 13, 13, 13, 13, 13, 13, 13, 13, 13, 13, 13, 13, 14, 14, 14, 14, 14, 14, 14, 15, 15, 15, 15, 15, 15, 15, 15, 15, 15, 15, 15, 15, 15, 15, 15, 15, 15, 15, 15, 15, 15, 15, 15, 15, 15, 15, 15, 15, 15, 15, 16, 16, 16, 16, 16, 16, 16, 16, 16, 16, 17, 17, 17, 17, 17, 17, 17, 17, 17, 17, 17, 17, 17, 17, 17, 17, 17, 17, 17, 17, 17, 17, 17, 17, 17, 17, 17, 17, 17, 17, 17, 17, 17, 17, 17, 17, 17, 17, 17, 18, 18, 18, 18, 18, 18, 18, 18, 18, 19, 19, 19, 19, 19, 19, 19, 19, 19, 19, 19, 19, 19, 19, 19, 19, 19, 19, 19, 19, 19, 19, 19, 19, 19, 19, 19, 19, 19, 19, 19, 19, 20, 20, 20, 20, 20, 20, 20, 20, 20, 20, 20, 20, 20, 21, 21, 21, 21, 21, 21, 21, 21, 21, 21, 21, 21, 21, 21, 21, 21, 21, 21, 21, 21, 21, 21, 21, 21, 21, 21, 22, 22, 22, 22, 22, 22, 22, 22, 22, 22, 22]
Execution Time : 
- 116954 nanoseconds
- 0.116954 milliseconds
- 1.16954E-4 seconds
