File Name :caseC#3_9.in
Sort Algorithm Name : Shell_Sort
Total of data : 64
Data Before Sorted :
[3962, 3860, 3811, 3797, 3598, 3508, 3488, 3437, 3395, 3327, 3311, 3301, 3299, 3243, 3193, 2845, 2801, 2770, 2722, 2685, 2625, 2611, 2554, 2486, 2275, 2165, 2161, 2117, 2020, 1823, 1793, 1763, 1756, 1670, 1605, 1549, 1509, 1473, 1434, 1417, 1391, 1385, 1357, 1104, 994, 939, 841, 829, 812, 764, 693, 664, 511, 485, 455, 439, 349, 273, 249, 227, 193, 175, 51, 31]
Data after sorted :
[31, 51, 175, 193, 227, 249, 273, 349, 439, 455, 485, 511, 664, 693, 764, 812, 829, 841, 939, 994, 1104, 1357, 1385, 1391, 1417, 1434, 1473, 1509, 1549, 1605, 1670, 1756, 1763, 1793, 1823, 2020, 2117, 2161, 2165, 2275, 2486, 2554, 2611, 2625, 2685, 2722, 2770, 2801, 2845, 3193, 3243, 3299, 3301, 3311, 3327, 3395, 3437, 3488, 3508, 3598, 3797, 3811, 3860, 3962]
Execution Time : 
- 3550 nanoseconds
- 0.00355 milliseconds
- 3.5500000000000003E-6 seconds
