File Name :caseE#5_9.in
Sort Algorithm Name : Shell_Sort
Total of data : 256
Data Before Sorted :
[257, 649, 805, 988, 1283, 1839, 1901, 2045, 2411, 2708, 2886, 3039, 3185, 3478, 3585, 3619, 3873, 3887, 4047, 4147, 4356, 4534, 4994, 5255, 5777, 6017, 6189, 6273, 6275, 6335, 7297, 7313, 7757, 7892, 8222, 8533, 8937, 9117, 9178, 9319, 9377, 9533, 9762, 10081, 10273, 10416, 10693, 11061, 11850, 12615, 13393, 13850, 14410, 14501, 14505, 14569, 14656, 14878, 15642, 15852, 16029, 16296, 16339, 16551, 17049, 17781, 17969, 17975, 18359, 19026, 19073, 19158, 19217, 19368, 19451, 20073, 20094, 20481, 20611, 20797, 20923, 21233, 21389, 21937, 22219, 22465, 22727, 22973, 23087, 23277, 23297, 23701, 24341, 25529, 25537, 25945, 26019, 26113, 26733, 27644, 27793, 27844, 28334, 29121, 29277, 29323, 29508, 29821, 29983, 30049, 30197, 30549, 30769, 31251, 31545, 32097, 32666, 32961, 33143, 33308, 33689, 33853, 33998, 34111, 34121, 34363, 34521, 35559, 35591, 35799, 35823, 35932, 36644, 36857, 37249, 37337, 37499, 38475, 38558, 38561, 39158, 39325, 39511, 39747, 39937, 39957, 40335, 41100, 41113, 41573, 41857, 43832, 43884, 44073, 44641, 44719, 44915, 45039, 45155, 45483, 45873, 47325, 47725, 47757, 47906, 48321, 48461, 48621, 48785, 48833, 48921, 49505, 49569, 49812, 50313, 50798, 50849, 51008, 51465, 51561, 51993, 52510, 52637, 53045, 53377, 53697, 53793, 54199, 54257, 54273, 54359, 54478, 54557, 54853, 55170, 55224, 56407, 56795, 56810, 57933, 57945, 58190, 58225, 58233, 58241, 58373, 58527, 58820, 59405, 59657, 59801, 60673, 60973, 61029, 61786, 61889, 61901, 61989, 62303, 62341, 62569, 63094, 63177, 63797, 64389, 64457, 64937, 64967, 65389, 65393, 50945, 15998, 42958, 30864, 55321, 23855, 21324, 13953, 6262, 51436, 38353, 27033, 34577, 34697, 25625, 48395, 63849, 14755, 33869, 24949, 35207, 347, 51053, 45867, 17949, 62193]
Data after sorted :
[257, 347, 649, 805, 988, 1283, 1839, 1901, 2045, 2411, 2708, 2886, 3039, 3185, 3478, 3585, 3619, 3873, 3887, 4047, 4147, 4356, 4534, 4994, 5255, 5777, 6017, 6189, 6262, 6273, 6275, 6335, 7297, 7313, 7757, 7892, 8222, 8533, 8937, 9117, 9178, 9319, 9377, 9533, 9762, 10081, 10273, 10416, 10693, 11061, 11850, 12615, 13393, 13850, 13953, 14410, 14501, 14505, 14569, 14656, 14755, 14878, 15642, 15852, 15998, 16029, 16296, 16339, 16551, 17049, 17781, 17949, 17969, 17975, 18359, 19026, 19073, 19158, 19217, 19368, 19451, 20073, 20094, 20481, 20611, 20797, 20923, 21233, 21324, 21389, 21937, 22219, 22465, 22727, 22973, 23087, 23277, 23297, 23701, 23855, 24341, 24949, 25529, 25537, 25625, 25945, 26019, 26113, 26733, 27033, 27644, 27793, 27844, 28334, 29121, 29277, 29323, 29508, 29821, 29983, 30049, 30197, 30549, 30769, 30864, 31251, 31545, 32097, 32666, 32961, 33143, 33308, 33689, 33853, 33869, 33998, 34111, 34121, 34363, 34521, 34577, 34697, 35207, 35559, 35591, 35799, 35823, 35932, 36644, 36857, 37249, 37337, 37499, 38353, 38475, 38558, 38561, 39158, 39325, 39511, 39747, 39937, 39957, 40335, 41100, 41113, 41573, 41857, 42958, 43832, 43884, 44073, 44641, 44719, 44915, 45039, 45155, 45483, 45867, 45873, 47325, 47725, 47757, 47906, 48321, 48395, 48461, 48621, 48785, 48833, 48921, 49505, 49569, 49812, 50313, 50798, 50849, 50945, 51008, 51053, 51436, 51465, 51561, 51993, 52510, 52637, 53045, 53377, 53697, 53793, 54199, 54257, 54273, 54359, 54478, 54557, 54853, 55170, 55224, 55321, 56407, 56795, 56810, 57933, 57945, 58190, 58225, 58233, 58241, 58373, 58527, 58820, 59405, 59657, 59801, 60673, 60973, 61029, 61786, 61889, 61901, 61989, 62193, 62303, 62341, 62569, 63094, 63177, 63797, 63849, 64389, 64457, 64937, 64967, 65389, 65393]
Execution Time : 
- 16239 nanoseconds
- 0.016239 milliseconds
- 1.6239E-5 seconds
