File Name :caseE#4_2.in
Sort Algorithm Name : Shell_Sort
Total of data : 128
Data Before Sorted :
[16, 79, 462, 550, 559, 667, 1115, 1452, 1495, 1517, 1537, 1632, 1761, 2205, 2241, 2307, 2404, 2432, 2506, 2537, 2601, 2661, 2667, 3085, 3323, 3364, 3384, 3649, 3745, 3953, 3969, 4097, 4127, 4187, 4375, 4407, 4650, 4867, 5435, 5643, 5992, 6217, 6761, 6983, 7041, 7084, 7102, 7149, 7641, 7755, 7831, 7854, 7888, 7955, 7981, 8033, 8081, 8247, 8357, 8569, 8646, 8863, 8927, 8961, 9324, 9537, 9621, 10345, 10547, 10625, 10629, 10665, 10745, 10809, 10892, 10912, 10929, 11101, 11208, 11266, 11653, 11725, 12073, 12375, 12391, 12410, 12421, 12546, 12579, 12639, 12769, 12814, 12993, 13222, 13276, 13633, 13666, 13801, 13811, 13913, 13962, 14096, 14333, 14561, 15199, 15290, 15365, 15437, 15446, 15635, 15833, 15865, 15950, 16081, 16217, 10380, 11060, 5441, 8435, 13413, 6346, 13361, 6254, 3641, 14779, 1295, 5245, 9803]
Data after sorted :
[16, 79, 462, 550, 559, 667, 1115, 1295, 1452, 1495, 1517, 1537, 1632, 1761, 2205, 2241, 2307, 2404, 2432, 2506, 2537, 2601, 2661, 2667, 3085, 3323, 3364, 3384, 3641, 3649, 3745, 3953, 3969, 4097, 4127, 4187, 4375, 4407, 4650, 4867, 5245, 5435, 5441, 5643, 5992, 6217, 6254, 6346, 6761, 6983, 7041, 7084, 7102, 7149, 7641, 7755, 7831, 7854, 7888, 7955, 7981, 8033, 8081, 8247, 8357, 8435, 8569, 8646, 8863, 8927, 8961, 9324, 9537, 9621, 9803, 10345, 10380, 10547, 10625, 10629, 10665, 10745, 10809, 10892, 10912, 10929, 11060, 11101, 11208, 11266, 11653, 11725, 12073, 12375, 12391, 12410, 12421, 12546, 12579, 12639, 12769, 12814, 12993, 13222, 13276, 13361, 13413, 13633, 13666, 13801, 13811, 13913, 13962, 14096, 14333, 14561, 14779, 15199, 15290, 15365, 15437, 15446, 15635, 15833, 15865, 15950, 16081, 16217]
Execution Time : 
- 8596 nanoseconds
- 0.008596 milliseconds
- 8.595999999999999E-6 seconds
