File Name :caseE#4_8.in
Sort Algorithm Name : Shell_Sort
Data Before Sorted :
[145, 229, 449, 715, 863, 1161, 1363, 1528, 2205, 2522, 2608, 2817, 2922, 3213, 3267, 4177, 4375, 4609, 4717, 4777, 4935, 4965, 4975, 4984, 5182, 5565, 5645, 5649, 5853, 5979, 5989, 6113, 6149, 6317, 6349, 6365, 6621, 6705, 6767, 6771, 6947, 6969, 7001, 7041, 7065, 7073, 7117, 7129, 7557, 7881, 7889, 8065, 8109, 8257, 8342, 8421, 8465, 8649, 8691, 8795, 8889, 8901, 9249, 9661, 9687, 10027, 10225, 10420, 10444, 10489, 10759, 11007, 11009, 11060, 11159, 11327, 11357, 11535, 11895, 12146, 12199, 12373, 12463, 12635, 12641, 12716, 12836, 12845, 12865, 12896, 12921, 13156, 13285, 13313, 13416, 13508, 13515, 13569, 13701, 13728, 14088, 14113, 14195, 14363, 14469, 14557, 14639, 14910, 14936, 15251, 15313, 15425, 15653, 16169, 16337, 2639, 10697, 10513, 5669, 2942, 7057, 3622, 7233, 9103, 11838, 5715, 9061, 122]
Data after sorted :
[122, 145, 229, 449, 715, 863, 1161, 1363, 1528, 2205, 2522, 2608, 2639, 2817, 2922, 2942, 3213, 3267, 3622, 4177, 4375, 4609, 4717, 4777, 4935, 4965, 4975, 4984, 5182, 5565, 5645, 5649, 5669, 5715, 5853, 5979, 5989, 6113, 6149, 6317, 6349, 6365, 6621, 6705, 6767, 6771, 6947, 6969, 7001, 7041, 7057, 7065, 7073, 7117, 7129, 7233, 7557, 7881, 7889, 8065, 8109, 8257, 8342, 8421, 8465, 8649, 8691, 8795, 8889, 8901, 9061, 9103, 9249, 9661, 9687, 10027, 10225, 10420, 10444, 10489, 10513, 10697, 10759, 11007, 11009, 11060, 11159, 11327, 11357, 11535, 11838, 11895, 12146, 12199, 12373, 12463, 12635, 12641, 12716, 12836, 12845, 12865, 12896, 12921, 13156, 13285, 13313, 13416, 13508, 13515, 13569, 13701, 13728, 14088, 14113, 14195, 14363, 14469, 14557, 14639, 14910, 14936, 15251, 15313, 15425, 15653, 16169, 16337]
Execution Time : 
- 8470 nanoseconds
- 0.00847 milliseconds
- 8.47E-6 seconds
