File Name :caseF#4_10.in
Sort Algorithm Name : Shell_Sort
Total of data : 128
Data Before Sorted :
[8, 1, 7, 10, 11, 7, 7, 5, 9, 5, 11, 4, 2, 4, 3, 10, 5, 2, 7, 6, 7, 1, 10, 1, 9, 8, 1, 6, 2, 8, 9, 7, 1, 2, 7, 6, 6, 1, 1, 1, 5, 6, 1, 11, 5, 9, 1, 1, 4, 2, 3, 11, 4, 8, 11, 5, 6, 1, 2, 6, 11, 8, 1, 3, 1, 7, 2, 5, 3, 6, 3, 3, 7, 6, 7, 6, 10, 2, 4, 2, 11, 3, 5, 2, 6, 1, 10, 4, 10, 8, 7, 6, 4, 2, 1, 7, 7, 1, 11, 4, 7, 11, 1, 8, 10, 1, 5, 4, 6, 1, 9, 1, 8, 1, 8, 10, 2, 5, 1, 9, 2, 10, 3, 9, 10, 8, 6, 1]
Data after sorted :
[1, 1, 1, 1, 1, 1, 1, 1, 1, 1, 1, 1, 1, 1, 1, 1, 1, 1, 1, 1, 1, 1, 1, 1, 2, 2, 2, 2, 2, 2, 2, 2, 2, 2, 2, 2, 2, 3, 3, 3, 3, 3, 3, 3, 3, 4, 4, 4, 4, 4, 4, 4, 4, 4, 5, 5, 5, 5, 5, 5, 5, 5, 5, 5, 6, 6, 6, 6, 6, 6, 6, 6, 6, 6, 6, 6, 6, 6, 7, 7, 7, 7, 7, 7, 7, 7, 7, 7, 7, 7, 7, 7, 8, 8, 8, 8, 8, 8, 8, 8, 8, 8, 9, 9, 9, 9, 9, 9, 9, 10, 10, 10, 10, 10, 10, 10, 10, 10, 10, 11, 11, 11, 11, 11, 11, 11, 11, 11]
Execution Time : 
- 18813 nanoseconds
- 0.018813 milliseconds
- 1.8813E-5 seconds
