File Name :caseC#3_6.in
Sort Algorithm Name : Shell_Sort
Data Before Sorted :
[4085, 4081, 4049, 3889, 3874, 3649, 3647, 3617, 3496, 3436, 3433, 3337, 3325, 3293, 3177, 3160, 3117, 3100, 3074, 3061, 3027, 3022, 2997, 2898, 2885, 2807, 2798, 2751, 2673, 2597, 2567, 2433, 2419, 2371, 2159, 2131, 2123, 2105, 2078, 2032, 1963, 1844, 1818, 1785, 1769, 1722, 1523, 1491, 1485, 1443, 1137, 1088, 1041, 940, 930, 743, 727, 668, 641, 469, 383, 329, 181, 52]
Data after sorted :
[52, 181, 329, 383, 469, 641, 668, 727, 743, 930, 940, 1041, 1088, 1137, 1443, 1485, 1491, 1523, 1722, 1769, 1785, 1818, 1844, 1963, 2032, 2078, 2105, 2123, 2131, 2159, 2371, 2419, 2433, 2567, 2597, 2673, 2751, 2798, 2807, 2885, 2898, 2997, 3022, 3027, 3061, 3074, 3100, 3117, 3160, 3177, 3293, 3325, 3337, 3433, 3436, 3496, 3617, 3647, 3649, 3874, 3889, 4049, 4081, 4085]
Execution Time : 
- 3837 nanoseconds
- 0.003837 milliseconds
- 3.837E-6 seconds
