File Name :caseB#5_5.in
Sort Algorithm Name : Shell_Sort
Total of data : 256
Data Before Sorted :
[77, 225, 553, 715, 940, 1025, 1071, 1553, 1885, 2095, 2760, 2817, 3025, 3278, 3485, 3529, 4075, 4369, 5128, 5154, 5317, 5441, 5543, 5769, 6093, 6612, 7633, 7769, 8007, 8181, 8263, 8513, 8809, 9124, 9435, 9484, 9502, 9613, 10045, 10340, 10657, 10720, 10969, 11489, 11597, 13057, 13119, 13127, 13496, 14693, 14991, 15147, 15173, 15541, 15745, 15891, 16799, 16881, 16953, 17131, 17255, 17313, 17822, 18011, 18314, 18380, 18561, 18593, 19183, 19766, 19825, 19827, 20025, 20507, 20765, 21039, 21174, 21555, 21768, 21908, 21925, 21960, 22347, 22646, 23188, 23425, 23809, 24177, 24513, 24518, 24521, 24664, 24848, 24957, 24971, 25381, 25573, 26004, 26545, 26853, 27009, 27203, 27549, 27605, 27847, 28256, 28257, 28467, 28867, 28927, 29227, 29254, 30116, 30837, 30929, 31620, 31905, 32111, 32247, 32307, 32634, 33098, 33138, 33221, 33413, 33825, 34089, 34099, 34398, 35057, 35686, 35715, 36403, 36459, 36506, 36921, 37111, 37513, 38133, 38697, 39105, 39472, 39767, 40007, 40068, 40362, 41242, 41251, 41545, 41837, 41979, 42028, 42161, 42295, 42765, 43433, 43537, 43843, 44269, 44749, 45137, 45141, 45359, 45363, 45377, 45406, 45435, 46109, 46597, 46625, 48094, 48225, 48770, 48977, 49049, 49165, 49244, 49301, 49673, 49697, 49957, 50425, 50513, 50863, 51351, 51377, 51647, 51865, 52057, 52401, 52417, 52419, 52435, 52543, 52624, 52988, 53176, 53612, 53745, 53825, 53911, 54515, 54689, 54751, 54765, 54817, 55533, 56173, 56338, 56451, 56625, 56954, 57133, 57233, 57303, 57413, 57524, 57739, 57938, 58247, 58621, 58693, 58873, 59153, 59231, 59889, 60490, 60625, 60751, 60930, 61013, 61456, 61597, 61625, 62193, 62261, 62435, 62531, 62903, 63044, 63087, 63241, 63754, 63857, 63893, 63978, 64132, 64136, 64155, 64263, 64420, 64477, 64938, 65129, 65401, 65403]
Data after sorted :
[77, 225, 553, 715, 940, 1025, 1071, 1553, 1885, 2095, 2760, 2817, 3025, 3278, 3485, 3529, 4075, 4369, 5128, 5154, 5317, 5441, 5543, 5769, 6093, 6612, 7633, 7769, 8007, 8181, 8263, 8513, 8809, 9124, 9435, 9484, 9502, 9613, 10045, 10340, 10657, 10720, 10969, 11489, 11597, 13057, 13119, 13127, 13496, 14693, 14991, 15147, 15173, 15541, 15745, 15891, 16799, 16881, 16953, 17131, 17255, 17313, 17822, 18011, 18314, 18380, 18561, 18593, 19183, 19766, 19825, 19827, 20025, 20507, 20765, 21039, 21174, 21555, 21768, 21908, 21925, 21960, 22347, 22646, 23188, 23425, 23809, 24177, 24513, 24518, 24521, 24664, 24848, 24957, 24971, 25381, 25573, 26004, 26545, 26853, 27009, 27203, 27549, 27605, 27847, 28256, 28257, 28467, 28867, 28927, 29227, 29254, 30116, 30837, 30929, 31620, 31905, 32111, 32247, 32307, 32634, 33098, 33138, 33221, 33413, 33825, 34089, 34099, 34398, 35057, 35686, 35715, 36403, 36459, 36506, 36921, 37111, 37513, 38133, 38697, 39105, 39472, 39767, 40007, 40068, 40362, 41242, 41251, 41545, 41837, 41979, 42028, 42161, 42295, 42765, 43433, 43537, 43843, 44269, 44749, 45137, 45141, 45359, 45363, 45377, 45406, 45435, 46109, 46597, 46625, 48094, 48225, 48770, 48977, 49049, 49165, 49244, 49301, 49673, 49697, 49957, 50425, 50513, 50863, 51351, 51377, 51647, 51865, 52057, 52401, 52417, 52419, 52435, 52543, 52624, 52988, 53176, 53612, 53745, 53825, 53911, 54515, 54689, 54751, 54765, 54817, 55533, 56173, 56338, 56451, 56625, 56954, 57133, 57233, 57303, 57413, 57524, 57739, 57938, 58247, 58621, 58693, 58873, 59153, 59231, 59889, 60490, 60625, 60751, 60930, 61013, 61456, 61597, 61625, 62193, 62261, 62435, 62531, 62903, 63044, 63087, 63241, 63754, 63857, 63893, 63978, 64132, 64136, 64155, 64263, 64420, 64477, 64938, 65129, 65401, 65403]
Execution Time : 
- 9435 nanoseconds
- 0.009435 milliseconds
- 9.435E-6 seconds
