File Name :caseC#3_5.in
Sort Algorithm Name : Shell_Sort
Total of data : 64
Data Before Sorted :
[4081, 4057, 4035, 3996, 3857, 3778, 3773, 3746, 3745, 3744, 3743, 3676, 3587, 3487, 3481, 3407, 3230, 3110, 3109, 3106, 3023, 2930, 2886, 2842, 2678, 2617, 2494, 1916, 1790, 1673, 1658, 1629, 1578, 1569, 1392, 1291, 1281, 1249, 1167, 1149, 1112, 1105, 1100, 1098, 1051, 1048, 891, 889, 883, 858, 843, 801, 741, 657, 621, 399, 359, 358, 339, 211, 107, 64, 21, 9]
Data after sorted :
[9, 21, 64, 107, 211, 339, 358, 359, 399, 621, 657, 741, 801, 843, 858, 883, 889, 891, 1048, 1051, 1098, 1100, 1105, 1112, 1149, 1167, 1249, 1281, 1291, 1392, 1569, 1578, 1629, 1658, 1673, 1790, 1916, 2494, 2617, 2678, 2842, 2886, 2930, 3023, 3106, 3109, 3110, 3230, 3407, 3481, 3487, 3587, 3676, 3743, 3744, 3745, 3746, 3773, 3778, 3857, 3996, 4035, 4057, 4081]
Execution Time : 
- 4242 nanoseconds
- 0.004242 milliseconds
- 4.242E-6 seconds
