File Name :caseD#5_9.in
Sort Algorithm Name : Shell_Sort
Total of data : 256
Data Before Sorted :
[149, 209, 450, 497, 518, 713, 805, 1073, 1274, 1334, 1785, 2349, 2705, 3025, 3437, 3507, 4054, 4128, 4671, 4933, 5129, 5342, 5817, 6081, 6557, 6993, 7201, 7321, 7813, 8026, 8100, 8313, 8517, 8969, 9262, 9595, 9751, 10174, 10455, 10605, 10734, 10981, 11059, 11481, 11791, 12012, 12057, 12461, 12610, 13081, 13178, 13247, 13749, 13962, 14027, 14885, 15061, 15283, 15441, 15687, 15765, 15808, 16017, 16407, 16596, 16699, 16753, 16797, 16957, 16967, 17303, 17761, 17969, 18163, 18481, 18857, 19202, 19541, 19649, 20419, 20666, 20794, 21201, 21423, 21459, 21501, 21771, 21880, 22104, 22910, 23134, 23367, 23685, 23809, 23834, 24575, 25134, 25201, 25455, 25524, 25615, 26025, 26113, 26305, 26470, 26471, 26483, 26609, 26684, 26769, 26962, 27041, 27137, 27310, 27473, 28235, 28391, 29069, 29445, 30338, 30543, 31087, 31581, 31593, 32080, 32131, 32240, 32715, 32725, 33052, 33225, 33315, 33349, 33713, 33963, 34017, 34141, 34181, 34273, 35900, 36219, 36438, 36529, 36599, 36602, 36985, 37117, 37423, 38093, 38635, 38785, 39233, 39295, 39369, 39785, 39837, 39879, 40153, 40301, 40369, 40434, 40620, 40831, 40849, 41136, 41233, 41506, 41857, 42162, 42307, 42329, 42545, 42575, 43195, 43279, 43663, 43867, 44505, 44545, 44575, 44738, 44897, 44919, 44966, 45132, 45169, 46527, 46757, 46797, 46887, 46985, 47639, 47987, 48060, 48065, 48305, 48329, 49191, 49445, 49659, 50113, 50505, 50529, 52189, 52399, 52859, 52879, 53028, 53217, 53857, 53897, 54109, 54347, 54464, 54703, 54848, 54905, 55247, 55259, 55433, 55811, 55981, 56344, 56457, 57185, 57484, 57601, 57653, 57789, 57835, 57839, 57845, 58662, 59407, 59752, 60287, 61278, 62436, 62719, 62873, 63230, 63359, 63553, 63734, 64175, 64223, 64306, 64361, 64400, 64513, 64625, 64831, 64889, 28241, 41969, 61913]
Data after sorted :
[149, 209, 450, 497, 518, 713, 805, 1073, 1274, 1334, 1785, 2349, 2705, 3025, 3437, 3507, 4054, 4128, 4671, 4933, 5129, 5342, 5817, 6081, 6557, 6993, 7201, 7321, 7813, 8026, 8100, 8313, 8517, 8969, 9262, 9595, 9751, 10174, 10455, 10605, 10734, 10981, 11059, 11481, 11791, 12012, 12057, 12461, 12610, 13081, 13178, 13247, 13749, 13962, 14027, 14885, 15061, 15283, 15441, 15687, 15765, 15808, 16017, 16407, 16596, 16699, 16753, 16797, 16957, 16967, 17303, 17761, 17969, 18163, 18481, 18857, 19202, 19541, 19649, 20419, 20666, 20794, 21201, 21423, 21459, 21501, 21771, 21880, 22104, 22910, 23134, 23367, 23685, 23809, 23834, 24575, 25134, 25201, 25455, 25524, 25615, 26025, 26113, 26305, 26470, 26471, 26483, 26609, 26684, 26769, 26962, 27041, 27137, 27310, 27473, 28235, 28241, 28391, 29069, 29445, 30338, 30543, 31087, 31581, 31593, 32080, 32131, 32240, 32715, 32725, 33052, 33225, 33315, 33349, 33713, 33963, 34017, 34141, 34181, 34273, 35900, 36219, 36438, 36529, 36599, 36602, 36985, 37117, 37423, 38093, 38635, 38785, 39233, 39295, 39369, 39785, 39837, 39879, 40153, 40301, 40369, 40434, 40620, 40831, 40849, 41136, 41233, 41506, 41857, 41969, 42162, 42307, 42329, 42545, 42575, 43195, 43279, 43663, 43867, 44505, 44545, 44575, 44738, 44897, 44919, 44966, 45132, 45169, 46527, 46757, 46797, 46887, 46985, 47639, 47987, 48060, 48065, 48305, 48329, 49191, 49445, 49659, 50113, 50505, 50529, 52189, 52399, 52859, 52879, 53028, 53217, 53857, 53897, 54109, 54347, 54464, 54703, 54848, 54905, 55247, 55259, 55433, 55811, 55981, 56344, 56457, 57185, 57484, 57601, 57653, 57789, 57835, 57839, 57845, 58662, 59407, 59752, 60287, 61278, 61913, 62436, 62719, 62873, 63230, 63359, 63553, 63734, 64175, 64223, 64306, 64361, 64400, 64513, 64625, 64831, 64889]
Execution Time : 
- 11109 nanoseconds
- 0.011109 milliseconds
- 1.1109000000000002E-5 seconds
