File Name :caseE#4_10.in
Sort Algorithm Name : Shell_Sort
Total of data : 128
Data Before Sorted :
[13, 301, 417, 461, 607, 616, 642, 693, 773, 801, 1133, 1153, 1162, 1601, 1681, 1691, 2182, 2261, 2305, 2321, 2389, 2433, 2913, 2986, 3057, 3181, 3493, 3565, 3566, 3833, 3957, 4214, 4403, 4427, 4632, 4649, 4665, 4983, 5243, 5263, 5337, 5404, 5492, 5633, 5769, 6635, 6855, 6869, 7430, 7513, 7773, 7938, 8037, 8455, 8577, 8747, 9014, 9076, 9235, 9497, 9567, 9570, 9821, 9825, 9831, 10180, 10561, 10645, 10732, 11015, 11036, 11038, 11121, 11243, 11281, 11296, 11297, 11561, 11585, 11799, 11821, 12201, 12368, 12575, 12590, 12785, 12827, 13089, 13158, 13208, 13241, 13260, 13299, 13373, 13393, 13419, 13833, 13942, 13953, 13954, 13974, 14019, 14086, 14169, 14209, 14596, 15022, 15817, 15871, 16225, 16249, 16257, 16269, 16351, 16378, 2813, 15405, 11527, 13439, 7584, 11167, 11265, 11935, 4759, 13709, 8092, 15073, 2433]
Data after sorted :
[13, 301, 417, 461, 607, 616, 642, 693, 773, 801, 1133, 1153, 1162, 1601, 1681, 1691, 2182, 2261, 2305, 2321, 2389, 2433, 2433, 2813, 2913, 2986, 3057, 3181, 3493, 3565, 3566, 3833, 3957, 4214, 4403, 4427, 4632, 4649, 4665, 4759, 4983, 5243, 5263, 5337, 5404, 5492, 5633, 5769, 6635, 6855, 6869, 7430, 7513, 7584, 7773, 7938, 8037, 8092, 8455, 8577, 8747, 9014, 9076, 9235, 9497, 9567, 9570, 9821, 9825, 9831, 10180, 10561, 10645, 10732, 11015, 11036, 11038, 11121, 11167, 11243, 11265, 11281, 11296, 11297, 11527, 11561, 11585, 11799, 11821, 11935, 12201, 12368, 12575, 12590, 12785, 12827, 13089, 13158, 13208, 13241, 13260, 13299, 13373, 13393, 13419, 13439, 13709, 13833, 13942, 13953, 13954, 13974, 14019, 14086, 14169, 14209, 14596, 15022, 15073, 15405, 15817, 15871, 16225, 16249, 16257, 16269, 16351, 16378]
Execution Time : 
- 7888 nanoseconds
- 0.007888 milliseconds
- 7.888E-6 seconds
