File Name :caseB#3_10.in
Sort Algorithm Name : Shell_Sort
Total of data : 64
Data Before Sorted :
[89, 308, 405, 425, 560, 593, 737, 771, 848, 929, 937, 995, 1085, 1086, 1129, 1130, 1263, 1267, 1351, 1361, 1393, 1423, 1533, 1557, 1576, 1648, 1702, 1732, 1733, 1898, 1921, 1932, 1933, 2002, 2145, 2259, 2331, 2498, 2661, 2713, 2736, 2804, 2817, 2835, 2869, 2913, 2937, 2944, 2945, 2983, 3025, 3064, 3151, 3257, 3336, 3437, 3450, 3469, 3493, 3523, 3557, 3633, 3801, 3839]
Data after sorted :
[89, 308, 405, 425, 560, 593, 737, 771, 848, 929, 937, 995, 1085, 1086, 1129, 1130, 1263, 1267, 1351, 1361, 1393, 1423, 1533, 1557, 1576, 1648, 1702, 1732, 1733, 1898, 1921, 1932, 1933, 2002, 2145, 2259, 2331, 2498, 2661, 2713, 2736, 2804, 2817, 2835, 2869, 2913, 2937, 2944, 2945, 2983, 3025, 3064, 3151, 3257, 3336, 3437, 3450, 3469, 3493, 3523, 3557, 3633, 3801, 3839]
Execution Time : 
- 2789 nanoseconds
- 0.002789 milliseconds
- 2.789E-6 seconds
