File Name :caseE#3_1.in
Sort Algorithm Name : Shell_Sort
Total of data : 64
Data Before Sorted :
[72, 109, 189, 301, 353, 413, 463, 573, 846, 986, 1081, 1082, 1153, 1205, 1209, 1257, 1261, 1273, 1297, 1344, 1397, 1401, 1449, 1641, 1646, 1647, 1676, 1731, 1737, 1957, 1977, 2003, 2085, 2133, 2177, 2231, 2243, 2343, 2446, 2465, 2506, 2606, 2625, 2679, 2697, 2704, 2837, 3025, 3041, 3107, 3305, 3379, 3748, 3763, 3797, 3818, 3834, 3841, 1667, 1239, 3800, 2477, 865, 4082]
Data after sorted :
[72, 109, 189, 301, 353, 413, 463, 573, 846, 865, 986, 1081, 1082, 1153, 1205, 1209, 1239, 1257, 1261, 1273, 1297, 1344, 1397, 1401, 1449, 1641, 1646, 1647, 1667, 1676, 1731, 1737, 1957, 1977, 2003, 2085, 2133, 2177, 2231, 2243, 2343, 2446, 2465, 2477, 2506, 2606, 2625, 2679, 2697, 2704, 2837, 3025, 3041, 3107, 3305, 3379, 3748, 3763, 3797, 3800, 3818, 3834, 3841, 4082]
Execution Time : 
- 4390 nanoseconds
- 0.00439 milliseconds
- 4.3899999999999995E-6 seconds
