File Name :caseF#4_3.in
Sort Algorithm Name : Shell_Sort
Total of data : 128
Data Before Sorted :
[9, 10, 11, 10, 3, 1, 8, 11, 6, 9, 1, 9, 7, 11, 10, 1, 2, 9, 6, 9, 2, 1, 9, 4, 7, 5, 6, 1, 4, 4, 11, 11, 1, 3, 6, 3, 8, 11, 3, 11, 4, 1, 5, 10, 11, 1, 11, 6, 11, 2, 3, 4, 3, 10, 3, 4, 8, 5, 9, 3, 3, 1, 5, 3, 11, 4, 5, 5, 4, 5, 8, 1, 4, 8, 10, 5, 8, 9, 8, 7, 6, 4, 9, 8, 4, 1, 8, 1, 1, 11, 11, 4, 4, 8, 2, 10, 5, 8, 2, 9, 11, 5, 3, 10, 6, 1, 2, 9, 7, 10, 1, 8, 8, 9, 9, 10, 1, 1, 3, 1, 2, 1, 9, 10, 7, 10, 9, 9]
Data after sorted :
[1, 1, 1, 1, 1, 1, 1, 1, 1, 1, 1, 1, 1, 1, 1, 1, 1, 1, 1, 2, 2, 2, 2, 2, 2, 2, 3, 3, 3, 3, 3, 3, 3, 3, 3, 3, 3, 3, 4, 4, 4, 4, 4, 4, 4, 4, 4, 4, 4, 4, 4, 5, 5, 5, 5, 5, 5, 5, 5, 5, 5, 6, 6, 6, 6, 6, 6, 6, 7, 7, 7, 7, 7, 8, 8, 8, 8, 8, 8, 8, 8, 8, 8, 8, 8, 8, 9, 9, 9, 9, 9, 9, 9, 9, 9, 9, 9, 9, 9, 9, 9, 9, 10, 10, 10, 10, 10, 10, 10, 10, 10, 10, 10, 10, 11, 11, 11, 11, 11, 11, 11, 11, 11, 11, 11, 11, 11, 11]
Execution Time : 
- 18655 nanoseconds
- 0.018655 milliseconds
- 1.8655E-5 seconds
