File Name :caseB#5_7.in
Sort Algorithm Name : Shell_Sort
Data Before Sorted :
[21, 45, 349, 761, 1332, 1432, 1758, 2759, 2800, 3219, 3277, 3489, 3621, 3729, 3797, 3929, 3969, 4170, 4380, 4402, 4640, 4813, 4895, 5417, 5887, 5898, 6245, 6634, 6964, 7085, 7130, 7361, 7752, 7821, 8101, 8235, 9181, 9441, 10073, 10409, 11382, 11427, 11584, 12821, 13843, 13850, 14806, 14897, 15272, 15700, 15769, 16137, 16385, 16585, 16773, 17345, 17353, 17478, 18097, 18156, 18188, 18404, 18433, 18833, 19137, 19296, 20349, 20641, 21212, 21379, 21625, 21642, 21865, 21951, 22095, 22601, 22840, 23377, 23605, 24129, 24247, 24351, 24368, 24377, 24433, 24701, 24722, 25073, 25145, 25430, 25897, 26096, 26225, 26405, 27087, 27377, 27777, 28435, 28483, 28695, 28776, 28902, 28975, 28981, 29089, 29324, 29600, 30189, 30399, 30425, 30657, 31604, 31983, 32227, 32351, 32547, 32901, 33073, 33114, 33438, 33841, 34595, 34759, 34875, 34945, 35088, 35277, 35657, 35665, 35713, 35788, 35825, 35829, 36388, 36409, 36448, 37253, 37684, 37998, 38047, 38115, 38193, 38269, 38319, 38663, 38837, 39113, 39333, 39383, 39569, 39607, 40933, 40993, 41023, 41101, 41253, 41513, 41557, 41615, 41644, 41789, 41791, 41959, 42142, 42333, 42471, 42692, 42737, 43231, 43247, 43526, 43786, 43895, 43937, 44195, 44253, 44469, 44533, 44898, 44984, 45970, 46125, 46441, 46631, 46788, 47067, 47179, 47539, 47618, 47709, 48237, 48355, 48897, 49049, 49081, 49208, 49357, 49702, 50697, 50757, 51578, 51631, 52061, 52205, 52343, 52433, 52665, 52926, 53019, 53131, 53475, 53557, 53775, 54174, 54401, 54687, 54766, 54929, 55019, 55168, 55617, 56235, 56241, 56949, 56963, 57153, 57261, 57298, 57317, 57325, 57633, 57665, 57877, 58440, 58477, 58481, 58995, 59473, 61623, 61733, 61761, 61993, 62558, 62573, 62621, 62661, 63193, 63412, 63439, 63984, 64029, 64087, 64289, 64697, 65153, 65409]
Data after sorted :
[21, 45, 349, 761, 1332, 1432, 1758, 2759, 2800, 3219, 3277, 3489, 3621, 3729, 3797, 3929, 3969, 4170, 4380, 4402, 4640, 4813, 4895, 5417, 5887, 5898, 6245, 6634, 6964, 7085, 7130, 7361, 7752, 7821, 8101, 8235, 9181, 9441, 10073, 10409, 11382, 11427, 11584, 12821, 13843, 13850, 14806, 14897, 15272, 15700, 15769, 16137, 16385, 16585, 16773, 17345, 17353, 17478, 18097, 18156, 18188, 18404, 18433, 18833, 19137, 19296, 20349, 20641, 21212, 21379, 21625, 21642, 21865, 21951, 22095, 22601, 22840, 23377, 23605, 24129, 24247, 24351, 24368, 24377, 24433, 24701, 24722, 25073, 25145, 25430, 25897, 26096, 26225, 26405, 27087, 27377, 27777, 28435, 28483, 28695, 28776, 28902, 28975, 28981, 29089, 29324, 29600, 30189, 30399, 30425, 30657, 31604, 31983, 32227, 32351, 32547, 32901, 33073, 33114, 33438, 33841, 34595, 34759, 34875, 34945, 35088, 35277, 35657, 35665, 35713, 35788, 35825, 35829, 36388, 36409, 36448, 37253, 37684, 37998, 38047, 38115, 38193, 38269, 38319, 38663, 38837, 39113, 39333, 39383, 39569, 39607, 40933, 40993, 41023, 41101, 41253, 41513, 41557, 41615, 41644, 41789, 41791, 41959, 42142, 42333, 42471, 42692, 42737, 43231, 43247, 43526, 43786, 43895, 43937, 44195, 44253, 44469, 44533, 44898, 44984, 45970, 46125, 46441, 46631, 46788, 47067, 47179, 47539, 47618, 47709, 48237, 48355, 48897, 49049, 49081, 49208, 49357, 49702, 50697, 50757, 51578, 51631, 52061, 52205, 52343, 52433, 52665, 52926, 53019, 53131, 53475, 53557, 53775, 54174, 54401, 54687, 54766, 54929, 55019, 55168, 55617, 56235, 56241, 56949, 56963, 57153, 57261, 57298, 57317, 57325, 57633, 57665, 57877, 58440, 58477, 58481, 58995, 59473, 61623, 61733, 61761, 61993, 62558, 62573, 62621, 62661, 63193, 63412, 63439, 63984, 64029, 64087, 64289, 64697, 65153, 65409]
Execution Time : 
- 10014 nanoseconds
- 0.010014 milliseconds
- 1.0014000000000001E-5 seconds
