File Name :caseE#3_6.in
Sort Algorithm Name : Shell_Sort
Data Before Sorted :
[69, 161, 261, 262, 293, 433, 462, 646, 785, 1037, 1049, 1051, 1120, 1439, 1621, 1633, 1645, 1837, 1857, 1882, 1984, 2048, 2157, 2177, 2229, 2233, 2305, 2503, 2561, 2565, 2581, 2833, 2885, 3039, 3088, 3102, 3153, 3225, 3288, 3311, 3320, 3390, 3451, 3507, 3577, 3598, 3607, 3779, 3807, 3821, 3873, 3885, 3901, 3931, 3959, 3980, 4026, 4072, 2241, 145, 2495, 2333, 3148, 1785]
Data after sorted :
[69, 145, 161, 261, 262, 293, 433, 462, 646, 785, 1037, 1049, 1051, 1120, 1439, 1621, 1633, 1645, 1785, 1837, 1857, 1882, 1984, 2048, 2157, 2177, 2229, 2233, 2241, 2305, 2333, 2495, 2503, 2561, 2565, 2581, 2833, 2885, 3039, 3088, 3102, 3148, 3153, 3225, 3288, 3311, 3320, 3390, 3451, 3507, 3577, 3598, 3607, 3779, 3807, 3821, 3873, 3885, 3901, 3931, 3959, 3980, 4026, 4072]
Execution Time : 
- 3836 nanoseconds
- 0.003836 milliseconds
- 3.836E-6 seconds
