File Name :caseB#2_9.in
Sort Algorithm Name : Shell_Sort
Total of data : 32
Data Before Sorted :
[5, 41, 65, 88, 106, 213, 219, 327, 350, 371, 393, 416, 445, 453, 463, 497, 519, 524, 645, 669, 713, 737, 757, 768, 771, 790, 877, 891, 897, 948, 976, 1019]
Data after sorted :
[5, 41, 65, 88, 106, 213, 219, 327, 350, 371, 393, 416, 445, 453, 463, 497, 519, 524, 645, 669, 713, 737, 757, 768, 771, 790, 877, 891, 897, 948, 976, 1019]
Execution Time : 
- 2381 nanoseconds
- 0.002381 milliseconds
- 2.3809999999999997E-6 seconds
