File Name :caseA#3_5.in
Sort Algorithm Name : Shell_Sort
Total of data : 64
Data Before Sorted :
[2440, 1003, 3521, 1715, 1972, 2029, 1577, 2181, 1219, 235, 3433, 1569, 76, 2665, 1817, 1301, 1278, 1025, 2661, 3295, 3831, 1824, 821, 3443, 2361, 1401, 2689, 3418, 2433, 849, 2733, 2758, 772, 121, 423, 860, 2667, 2355, 1631, 779, 3517, 1361, 217, 837, 285, 403, 2350, 1201, 4018, 1339, 1356, 35, 3653, 447, 205, 1892, 3637, 545, 799, 2142, 1039, 1985, 97, 1132]
Data after sorted :
[35, 76, 97, 121, 205, 217, 235, 285, 403, 423, 447, 545, 772, 779, 799, 821, 837, 849, 860, 1003, 1025, 1039, 1132, 1201, 1219, 1278, 1301, 1339, 1356, 1361, 1401, 1569, 1577, 1631, 1715, 1817, 1824, 1892, 1972, 1985, 2029, 2142, 2181, 2350, 2355, 2361, 2433, 2440, 2661, 2665, 2667, 2689, 2733, 2758, 3295, 3418, 3433, 3443, 3517, 3521, 3637, 3653, 3831, 4018]
Execution Time : 
- 6216 nanoseconds
- 0.006216 milliseconds
- 6.216E-6 seconds
