File Name :caseE#5_2.in
Sort Algorithm Name : Shell_Sort
Total of data : 256
Data Before Sorted :
[314, 449, 504, 929, 1052, 1249, 1449, 1561, 1879, 1938, 1965, 2079, 2477, 2922, 3435, 3977, 4041, 4705, 5713, 5887, 6107, 6222, 6286, 6609, 7014, 7084, 7681, 8030, 8409, 8481, 8588, 8825, 9985, 10370, 10681, 11014, 11055, 11505, 11845, 11885, 12567, 12668, 13201, 13359, 13769, 14177, 14438, 14482, 14680, 15025, 15741, 15889, 16085, 16180, 16241, 16561, 16858, 18913, 19177, 19601, 19715, 19745, 20671, 20680, 20997, 21155, 21696, 21777, 21827, 21853, 22165, 22175, 22237, 22253, 23331, 23425, 23493, 23937, 24371, 24373, 24377, 24428, 24759, 25362, 25547, 25643, 25718, 25729, 25754, 25893, 26130, 26189, 26385, 26663, 26901, 27014, 27025, 27133, 27444, 27919, 27989, 28277, 28350, 28698, 28986, 29086, 29843, 30169, 30337, 30865, 30887, 31115, 31729, 31772, 32025, 32126, 32329, 32575, 32781, 33008, 33217, 33512, 33585, 33619, 34485, 35192, 36091, 37045, 37189, 37247, 37403, 37971, 38089, 38182, 38360, 38931, 39057, 39465, 39787, 40233, 40377, 41175, 41643, 41748, 41857, 42041, 42729, 42749, 43037, 43057, 43195, 43200, 43215, 43347, 43411, 43443, 43625, 43797, 43873, 43891, 43975, 44525, 45081, 45244, 45841, 45895, 45929, 46081, 46783, 47224, 47331, 47424, 47425, 47681, 47685, 47802, 47874, 48298, 48460, 48965, 49447, 50087, 50337, 50720, 50891, 50999, 51291, 51388, 51505, 51566, 52103, 52276, 52380, 52621, 52633, 52861, 53662, 54178, 54785, 54862, 54951, 55029, 55056, 55269, 55552, 55985, 56619, 56781, 57420, 57529, 57577, 58682, 59090, 59229, 59265, 59492, 60209, 60461, 60841, 61218, 61413, 61445, 61685, 62120, 63642, 64170, 64307, 64365, 64703, 64991, 20320, 7043, 19077, 14529, 38353, 17535, 57821, 49740, 32953, 44187, 64897, 60009, 29573, 22335, 3327, 31033, 32747, 48055, 9696, 63293, 8575, 52361, 56191, 45449, 1510, 24920]
Data after sorted :
[314, 449, 504, 929, 1052, 1249, 1449, 1510, 1561, 1879, 1938, 1965, 2079, 2477, 2922, 3327, 3435, 3977, 4041, 4705, 5713, 5887, 6107, 6222, 6286, 6609, 7014, 7043, 7084, 7681, 8030, 8409, 8481, 8575, 8588, 8825, 9696, 9985, 10370, 10681, 11014, 11055, 11505, 11845, 11885, 12567, 12668, 13201, 13359, 13769, 14177, 14438, 14482, 14529, 14680, 15025, 15741, 15889, 16085, 16180, 16241, 16561, 16858, 17535, 18913, 19077, 19177, 19601, 19715, 19745, 20320, 20671, 20680, 20997, 21155, 21696, 21777, 21827, 21853, 22165, 22175, 22237, 22253, 22335, 23331, 23425, 23493, 23937, 24371, 24373, 24377, 24428, 24759, 24920, 25362, 25547, 25643, 25718, 25729, 25754, 25893, 26130, 26189, 26385, 26663, 26901, 27014, 27025, 27133, 27444, 27919, 27989, 28277, 28350, 28698, 28986, 29086, 29573, 29843, 30169, 30337, 30865, 30887, 31033, 31115, 31729, 31772, 32025, 32126, 32329, 32575, 32747, 32781, 32953, 33008, 33217, 33512, 33585, 33619, 34485, 35192, 36091, 37045, 37189, 37247, 37403, 37971, 38089, 38182, 38353, 38360, 38931, 39057, 39465, 39787, 40233, 40377, 41175, 41643, 41748, 41857, 42041, 42729, 42749, 43037, 43057, 43195, 43200, 43215, 43347, 43411, 43443, 43625, 43797, 43873, 43891, 43975, 44187, 44525, 45081, 45244, 45449, 45841, 45895, 45929, 46081, 46783, 47224, 47331, 47424, 47425, 47681, 47685, 47802, 47874, 48055, 48298, 48460, 48965, 49447, 49740, 50087, 50337, 50720, 50891, 50999, 51291, 51388, 51505, 51566, 52103, 52276, 52361, 52380, 52621, 52633, 52861, 53662, 54178, 54785, 54862, 54951, 55029, 55056, 55269, 55552, 55985, 56191, 56619, 56781, 57420, 57529, 57577, 57821, 58682, 59090, 59229, 59265, 59492, 60009, 60209, 60461, 60841, 61218, 61413, 61445, 61685, 62120, 63293, 63642, 64170, 64307, 64365, 64703, 64897, 64991]
Execution Time : 
- 18041 nanoseconds
- 0.018041 milliseconds
- 1.8041000000000002E-5 seconds
