File Name :caseA#4_5.in
Sort Algorithm Name : Shell_Sort
Total of data : 128
Data Before Sorted :
[1587, 2317, 16175, 10897, 15655, 5764, 12233, 1449, 13737, 14097, 6641, 2413, 11287, 3762, 2304, 6903, 2031, 12121, 2289, 4193, 14263, 5409, 13609, 8001, 14949, 13700, 11673, 3409, 2142, 7579, 7105, 7065, 3277, 11470, 15595, 11833, 1927, 10751, 5909, 2337, 8889, 4468, 4465, 12789, 14713, 11647, 13505, 4945, 14448, 5687, 15785, 2298, 12208, 7737, 12725, 15035, 8621, 3583, 7869, 11537, 2632, 8221, 7719, 10698, 3465, 11253, 3697, 5547, 8266, 450, 15069, 2001, 16095, 5950, 11965, 7427, 14072, 3340, 6965, 5120, 13925, 12483, 4030, 3907, 1893, 7881, 7021, 13162, 13902, 10449, 13937, 3875, 11364, 12469, 11953, 6085, 10718, 9811, 5911, 13119, 13265, 13030, 2316, 6561, 9610, 3063, 1031, 10170, 11860, 4560, 1701, 10986, 15517, 3410, 2499, 9313, 2393, 12175, 1454, 9551, 9729, 11389, 6679, 13442, 9457, 11535, 14623, 8433]
Data after sorted :
[450, 1031, 1449, 1454, 1587, 1701, 1893, 1927, 2001, 2031, 2142, 2289, 2298, 2304, 2316, 2317, 2337, 2393, 2413, 2499, 2632, 3063, 3277, 3340, 3409, 3410, 3465, 3583, 3697, 3762, 3875, 3907, 4030, 4193, 4465, 4468, 4560, 4945, 5120, 5409, 5547, 5687, 5764, 5909, 5911, 5950, 6085, 6561, 6641, 6679, 6903, 6965, 7021, 7065, 7105, 7427, 7579, 7719, 7737, 7869, 7881, 8001, 8221, 8266, 8433, 8621, 8889, 9313, 9457, 9551, 9610, 9729, 9811, 10170, 10449, 10698, 10718, 10751, 10897, 10986, 11253, 11287, 11364, 11389, 11470, 11535, 11537, 11647, 11673, 11833, 11860, 11953, 11965, 12121, 12175, 12208, 12233, 12469, 12483, 12725, 12789, 13030, 13119, 13162, 13265, 13442, 13505, 13609, 13700, 13737, 13902, 13925, 13937, 14072, 14097, 14263, 14448, 14623, 14713, 14949, 15035, 15069, 15517, 15595, 15655, 15785, 16095, 16175]
Execution Time : 
- 14210 nanoseconds
- 0.01421 milliseconds
- 1.4210000000000001E-5 seconds
