File Name :caseD#5_1.in
Sort Algorithm Name : Shell_Sort
Total of data : 256
Data Before Sorted :
[169, 299, 469, 878, 996, 1375, 1623, 1829, 2369, 2635, 3649, 3781, 4151, 4353, 4577, 4984, 6075, 6256, 6399, 6973, 7130, 7150, 7745, 7756, 7794, 7805, 8109, 8401, 8897, 9804, 9864, 9896, 10362, 10513, 10527, 10568, 10940, 11363, 12001, 12057, 12088, 12161, 12970, 13049, 13062, 13121, 13151, 13591, 13707, 13785, 13893, 14146, 14223, 14409, 14657, 15021, 15803, 15834, 15835, 15901, 15909, 15993, 16709, 16841, 16956, 17181, 17185, 17743, 17975, 18549, 18637, 18913, 19085, 19265, 19338, 19374, 19447, 19641, 19645, 19731, 20141, 20266, 20463, 20916, 21024, 21237, 21726, 21801, 22353, 22505, 22957, 23056, 23161, 23590, 24045, 24197, 24515, 24545, 24604, 24730, 24742, 25120, 25226, 25527, 25785, 26029, 26297, 26629, 27201, 27281, 27561, 27803, 27984, 28194, 28235, 28417, 28645, 29014, 29676, 30017, 30468, 30507, 30657, 30969, 31455, 31985, 32251, 32643, 32801, 33101, 33339, 33433, 33467, 33503, 33579, 33938, 34305, 34817, 35417, 35609, 36289, 36452, 36595, 36609, 36755, 37273, 37788, 38031, 38232, 38451, 38957, 39173, 39233, 39391, 39532, 39945, 40268, 40318, 40423, 40605, 40857, 40961, 41022, 41259, 41316, 41533, 41729, 41967, 42713, 43004, 43129, 43163, 43313, 43362, 43845, 43929, 44361, 44909, 44929, 45095, 45249, 45978, 46335, 46547, 46558, 46954, 47450, 47689, 47987, 48083, 48525, 48631, 48929, 49461, 49485, 49910, 50226, 50533, 50588, 50775, 51345, 51433, 51557, 51653, 52901, 53057, 53084, 53153, 53347, 53453, 53628, 53825, 53886, 54593, 54789, 54808, 55026, 55777, 56065, 56197, 56810, 57078, 57081, 57553, 57595, 57778, 57969, 58165, 58546, 58773, 58883, 59365, 59369, 59441, 59476, 59849, 59869, 59995, 60002, 60161, 60513, 60915, 61213, 61313, 61903, 62022, 62714, 62753, 62839, 63007, 63085, 63449, 64833, 33785, 21571, 2328]
Data after sorted :
[169, 299, 469, 878, 996, 1375, 1623, 1829, 2328, 2369, 2635, 3649, 3781, 4151, 4353, 4577, 4984, 6075, 6256, 6399, 6973, 7130, 7150, 7745, 7756, 7794, 7805, 8109, 8401, 8897, 9804, 9864, 9896, 10362, 10513, 10527, 10568, 10940, 11363, 12001, 12057, 12088, 12161, 12970, 13049, 13062, 13121, 13151, 13591, 13707, 13785, 13893, 14146, 14223, 14409, 14657, 15021, 15803, 15834, 15835, 15901, 15909, 15993, 16709, 16841, 16956, 17181, 17185, 17743, 17975, 18549, 18637, 18913, 19085, 19265, 19338, 19374, 19447, 19641, 19645, 19731, 20141, 20266, 20463, 20916, 21024, 21237, 21571, 21726, 21801, 22353, 22505, 22957, 23056, 23161, 23590, 24045, 24197, 24515, 24545, 24604, 24730, 24742, 25120, 25226, 25527, 25785, 26029, 26297, 26629, 27201, 27281, 27561, 27803, 27984, 28194, 28235, 28417, 28645, 29014, 29676, 30017, 30468, 30507, 30657, 30969, 31455, 31985, 32251, 32643, 32801, 33101, 33339, 33433, 33467, 33503, 33579, 33785, 33938, 34305, 34817, 35417, 35609, 36289, 36452, 36595, 36609, 36755, 37273, 37788, 38031, 38232, 38451, 38957, 39173, 39233, 39391, 39532, 39945, 40268, 40318, 40423, 40605, 40857, 40961, 41022, 41259, 41316, 41533, 41729, 41967, 42713, 43004, 43129, 43163, 43313, 43362, 43845, 43929, 44361, 44909, 44929, 45095, 45249, 45978, 46335, 46547, 46558, 46954, 47450, 47689, 47987, 48083, 48525, 48631, 48929, 49461, 49485, 49910, 50226, 50533, 50588, 50775, 51345, 51433, 51557, 51653, 52901, 53057, 53084, 53153, 53347, 53453, 53628, 53825, 53886, 54593, 54789, 54808, 55026, 55777, 56065, 56197, 56810, 57078, 57081, 57553, 57595, 57778, 57969, 58165, 58546, 58773, 58883, 59365, 59369, 59441, 59476, 59849, 59869, 59995, 60002, 60161, 60513, 60915, 61213, 61313, 61903, 62022, 62714, 62753, 62839, 63007, 63085, 63449, 64833]
Execution Time : 
- 12723 nanoseconds
- 0.012723 milliseconds
- 1.2723E-5 seconds
