File Name :caseA#4_2.in
Sort Algorithm Name : Shell_Sort
Total of data : 128
Data Before Sorted :
[13449, 7578, 5817, 10359, 6689, 7007, 10897, 11349, 8522, 10241, 10583, 10517, 12519, 10951, 15910, 5228, 3561, 11175, 3597, 14407, 8848, 13565, 6053, 2771, 4893, 7544, 8376, 9845, 16297, 1041, 9393, 11029, 2772, 7033, 3667, 13571, 2593, 11553, 449, 15685, 4609, 14947, 8210, 11739, 3953, 7387, 183, 7989, 3736, 325, 12342, 8476, 2118, 2867, 7105, 4896, 1733, 2576, 12161, 13202, 2206, 12304, 10868, 6793, 6459, 4028, 11245, 5338, 10289, 3969, 6069, 5615, 13115, 8847, 13209, 14885, 1053, 11273, 3003, 9541, 13110, 10977, 9090, 10635, 15618, 6705, 10949, 16049, 409, 15067, 4111, 12439, 3909, 90, 1245, 9757, 13713, 4369, 3589, 2875, 13745, 13937, 1157, 763, 8041, 11521, 1818, 971, 9764, 2223, 5203, 529, 14841, 9440, 1985, 5254, 4499, 9780, 11953, 10323, 15041, 15138, 2679, 8507, 4763, 3251, 8277, 13791]
Data after sorted :
[90, 183, 325, 409, 449, 529, 763, 971, 1041, 1053, 1157, 1245, 1733, 1818, 1985, 2118, 2206, 2223, 2576, 2593, 2679, 2771, 2772, 2867, 2875, 3003, 3251, 3561, 3589, 3597, 3667, 3736, 3909, 3953, 3969, 4028, 4111, 4369, 4499, 4609, 4763, 4893, 4896, 5203, 5228, 5254, 5338, 5615, 5817, 6053, 6069, 6459, 6689, 6705, 6793, 7007, 7033, 7105, 7387, 7544, 7578, 7989, 8041, 8210, 8277, 8376, 8476, 8507, 8522, 8847, 8848, 9090, 9393, 9440, 9541, 9757, 9764, 9780, 9845, 10241, 10289, 10323, 10359, 10517, 10583, 10635, 10868, 10897, 10949, 10951, 10977, 11029, 11175, 11245, 11273, 11349, 11521, 11553, 11739, 11953, 12161, 12304, 12342, 12439, 12519, 13110, 13115, 13202, 13209, 13449, 13565, 13571, 13713, 13745, 13791, 13937, 14407, 14841, 14885, 14947, 15041, 15067, 15138, 15618, 15685, 15910, 16049, 16297]
Execution Time : 
- 13898 nanoseconds
- 0.013898 milliseconds
- 1.3898000000000001E-5 seconds
