File Name :caseC#2_1.in
Sort Algorithm Name : Shell_Sort
Total of data : 32
Data Before Sorted :
[1004, 985, 945, 825, 781, 735, 727, 683, 665, 621, 611, 600, 545, 542, 531, 443, 421, 413, 407, 381, 351, 349, 342, 339, 299, 173, 155, 133, 84, 71, 49, 27]
Data after sorted :
[27, 49, 71, 84, 133, 155, 173, 299, 339, 342, 349, 351, 381, 407, 413, 421, 443, 531, 542, 545, 600, 611, 621, 665, 683, 727, 735, 781, 825, 945, 985, 1004]
Execution Time : 
- 2459 nanoseconds
- 0.002459 milliseconds
- 2.4589999999999997E-6 seconds
