File Name :caseF#4_8.in
Sort Algorithm Name : Shell_Sort
Data Before Sorted :
[11, 1, 1, 4, 8, 10, 5, 10, 2, 1, 5, 11, 8, 10, 11, 4, 7, 1, 10, 5, 6, 8, 10, 3, 8, 6, 5, 1, 1, 9, 2, 11, 3, 5, 2, 1, 1, 5, 5, 11, 7, 10, 7, 7, 5, 1, 8, 2, 3, 5, 5, 2, 4, 1, 7, 9, 8, 8, 4, 8, 4, 11, 9, 9, 1, 4, 2, 7, 11, 8, 5, 3, 1, 10, 1, 4, 2, 9, 2, 2, 1, 8, 7, 8, 9, 11, 10, 1, 10, 7, 10, 6, 8, 5, 1, 2, 4, 10, 5, 6, 6, 3, 1, 5, 2, 9, 1, 3, 4, 1, 10, 11, 9, 4, 9, 2, 11, 1, 1, 9, 6, 9, 1, 8, 1, 9, 11, 1]
Data after sorted :
[1, 1, 1, 1, 1, 1, 1, 1, 1, 1, 1, 1, 1, 1, 1, 1, 1, 1, 1, 1, 1, 1, 1, 1, 2, 2, 2, 2, 2, 2, 2, 2, 2, 2, 2, 2, 3, 3, 3, 3, 3, 3, 4, 4, 4, 4, 4, 4, 4, 4, 4, 4, 5, 5, 5, 5, 5, 5, 5, 5, 5, 5, 5, 5, 5, 5, 6, 6, 6, 6, 6, 6, 7, 7, 7, 7, 7, 7, 7, 7, 8, 8, 8, 8, 8, 8, 8, 8, 8, 8, 8, 8, 8, 9, 9, 9, 9, 9, 9, 9, 9, 9, 9, 9, 9, 10, 10, 10, 10, 10, 10, 10, 10, 10, 10, 10, 10, 11, 11, 11, 11, 11, 11, 11, 11, 11, 11, 11]
Execution Time : 
- 18806 nanoseconds
- 0.018806 milliseconds
- 1.8806E-5 seconds
