File Name :caseA#4_9.in
Sort Algorithm Name : Shell_Sort
Total of data : 128
Data Before Sorted :
[11679, 1781, 9121, 11381, 3377, 13637, 10753, 129, 1629, 2515, 10721, 1979, 2359, 12537, 2659, 9045, 12289, 8259, 455, 7725, 5581, 1082, 15195, 10717, 15673, 3723, 14433, 6065, 9593, 7809, 10168, 10863, 657, 7233, 15013, 2141, 7663, 2209, 15473, 11697, 15295, 8189, 12973, 6443, 11958, 5232, 9160, 7745, 1591, 3205, 7364, 10265, 13073, 8158, 15070, 12109, 2509, 6372, 11605, 14025, 3337, 9554, 4005, 14388, 8657, 2868, 3005, 4789, 15023, 1439, 1409, 5521, 1995, 12437, 6459, 10024, 7807, 6233, 4813, 8065, 199, 5901, 3433, 12227, 2887, 6249, 2328, 2329, 15185, 3103, 2819, 3877, 11233, 16332, 9511, 11040, 3473, 2141, 7449, 3541, 6828, 9331, 639, 2397, 1229, 1553, 10179, 1464, 15905, 2569, 1482, 5856, 12324, 12941, 5175, 9323, 6047, 3577, 10225, 1637, 10782, 3249, 3142, 7681, 10847, 12766, 6659, 7861]
Data after sorted :
[129, 199, 455, 639, 657, 1082, 1229, 1409, 1439, 1464, 1482, 1553, 1591, 1629, 1637, 1781, 1979, 1995, 2141, 2141, 2209, 2328, 2329, 2359, 2397, 2509, 2515, 2569, 2659, 2819, 2868, 2887, 3005, 3103, 3142, 3205, 3249, 3337, 3377, 3433, 3473, 3541, 3577, 3723, 3877, 4005, 4789, 4813, 5175, 5232, 5521, 5581, 5856, 5901, 6047, 6065, 6233, 6249, 6372, 6443, 6459, 6659, 6828, 7233, 7364, 7449, 7663, 7681, 7725, 7745, 7807, 7809, 7861, 8065, 8158, 8189, 8259, 8657, 9045, 9121, 9160, 9323, 9331, 9511, 9554, 9593, 10024, 10168, 10179, 10225, 10265, 10717, 10721, 10753, 10782, 10847, 10863, 11040, 11233, 11381, 11605, 11679, 11697, 11958, 12109, 12227, 12289, 12324, 12437, 12537, 12766, 12941, 12973, 13073, 13637, 14025, 14388, 14433, 15013, 15023, 15070, 15185, 15195, 15295, 15473, 15673, 15905, 16332]
Execution Time : 
- 14494 nanoseconds
- 0.014494 milliseconds
- 1.4494E-5 seconds
