File Name :caseE#2_1.in
Sort Algorithm Name : Shell_Sort
Data Before Sorted :
[9, 36, 38, 117, 216, 239, 249, 268, 375, 427, 489, 598, 645, 673, 691, 704, 717, 725, 729, 741, 751, 769, 785, 807, 851, 857, 897, 934, 965, 906, 593, 937]
Data after sorted :
[9, 36, 38, 117, 216, 239, 249, 268, 375, 427, 489, 593, 598, 645, 673, 691, 704, 717, 725, 729, 741, 751, 769, 785, 807, 851, 857, 897, 906, 934, 937, 965]
Execution Time : 
- 2439 nanoseconds
- 0.002439 milliseconds
- 2.4390000000000003E-6 seconds
