File Name :caseB#4_5.in
Sort Algorithm Name : Shell_Sort
Total of data : 128
Data Before Sorted :
[265, 532, 571, 617, 640, 721, 781, 1083, 1198, 1242, 1276, 1485, 1528, 1553, 1565, 1997, 2127, 2593, 2729, 2945, 2981, 3007, 3185, 3415, 3459, 3494, 3989, 4127, 4281, 4355, 4479, 4726, 4826, 4838, 5480, 5483, 5497, 5578, 5582, 5727, 5865, 6043, 6125, 6377, 6421, 6563, 6600, 6609, 6761, 6849, 6874, 6941, 6971, 7001, 7109, 7137, 7232, 7377, 7632, 7825, 7907, 8051, 8054, 8055, 8509, 8581, 8613, 8692, 8801, 8802, 8903, 8906, 8981, 9020, 9154, 9235, 9378, 9571, 9981, 10047, 10182, 10562, 10585, 10728, 10865, 10982, 11103, 11193, 11281, 11447, 11533, 11589, 11593, 11607, 11713, 12073, 12349, 12425, 12430, 12467, 12580, 12869, 12881, 12961, 12993, 13047, 13259, 13695, 14007, 14085, 14144, 14235, 14345, 14381, 14657, 14839, 14876, 14889, 15027, 15057, 15089, 15171, 15305, 15373, 15429, 15915, 16155, 16289]
Data after sorted :
[265, 532, 571, 617, 640, 721, 781, 1083, 1198, 1242, 1276, 1485, 1528, 1553, 1565, 1997, 2127, 2593, 2729, 2945, 2981, 3007, 3185, 3415, 3459, 3494, 3989, 4127, 4281, 4355, 4479, 4726, 4826, 4838, 5480, 5483, 5497, 5578, 5582, 5727, 5865, 6043, 6125, 6377, 6421, 6563, 6600, 6609, 6761, 6849, 6874, 6941, 6971, 7001, 7109, 7137, 7232, 7377, 7632, 7825, 7907, 8051, 8054, 8055, 8509, 8581, 8613, 8692, 8801, 8802, 8903, 8906, 8981, 9020, 9154, 9235, 9378, 9571, 9981, 10047, 10182, 10562, 10585, 10728, 10865, 10982, 11103, 11193, 11281, 11447, 11533, 11589, 11593, 11607, 11713, 12073, 12349, 12425, 12430, 12467, 12580, 12869, 12881, 12961, 12993, 13047, 13259, 13695, 14007, 14085, 14144, 14235, 14345, 14381, 14657, 14839, 14876, 14889, 15027, 15057, 15089, 15171, 15305, 15373, 15429, 15915, 16155, 16289]
Execution Time : 
- 5195 nanoseconds
- 0.005195 milliseconds
- 5.195E-6 seconds
