File Name :caseA#3_7.in
Sort Algorithm Name : Shell_Sort
Total of data : 64
Data Before Sorted :
[301, 1787, 844, 2859, 1123, 2485, 171, 3549, 1241, 2249, 2915, 37, 2525, 3598, 2985, 2031, 1727, 2017, 1448, 1829, 1957, 1841, 3423, 2913, 1327, 1949, 3379, 1301, 901, 3429, 3094, 2743, 2969, 3515, 2383, 1573, 589, 2928, 3970, 3489, 3357, 2281, 2585, 1, 193, 1810, 3170, 3457, 897, 3765, 3113, 3275, 401, 2649, 1229, 2229, 3049, 1719, 1631, 3247, 3291, 1407, 1785, 173]
Data after sorted :
[1, 37, 171, 173, 193, 301, 401, 589, 844, 897, 901, 1123, 1229, 1241, 1301, 1327, 1407, 1448, 1573, 1631, 1719, 1727, 1785, 1787, 1810, 1829, 1841, 1949, 1957, 2017, 2031, 2229, 2249, 2281, 2383, 2485, 2525, 2585, 2649, 2743, 2859, 2913, 2915, 2928, 2969, 2985, 3049, 3094, 3113, 3170, 3247, 3275, 3291, 3357, 3379, 3423, 3429, 3457, 3489, 3515, 3549, 3598, 3765, 3970]
Execution Time : 
- 6662 nanoseconds
- 0.006662 milliseconds
- 6.662000000000001E-6 seconds
