File Name :caseB#4_8.in
Sort Algorithm Name : Shell_Sort
Total of data : 128
Data Before Sorted :
[9, 89, 107, 154, 519, 539, 599, 649, 731, 1213, 1293, 1497, 1747, 1905, 1971, 1985, 2069, 2207, 2391, 2577, 2607, 2831, 2889, 2993, 3019, 3057, 3148, 3479, 3524, 3590, 3733, 3934, 4285, 4333, 4341, 4365, 4370, 4497, 4637, 4685, 4871, 5131, 5215, 5481, 5799, 5805, 5827, 5923, 5973, 6023, 6181, 6339, 6704, 6993, 7179, 7310, 7315, 7441, 7655, 7675, 7752, 8097, 8117, 8137, 8225, 8393, 8499, 8539, 8573, 8586, 8729, 8769, 8931, 8985, 9345, 9361, 9611, 9688, 9729, 9841, 10064, 10137, 10240, 10256, 10446, 10581, 10586, 10717, 10779, 10837, 10858, 10953, 10961, 11025, 11178, 11230, 11277, 11429, 11521, 11900, 12157, 12239, 12318, 12533, 12561, 13313, 13453, 13487, 13512, 13602, 13640, 13767, 13803, 14031, 14121, 14369, 14649, 14763, 14911, 15199, 15419, 15512, 15609, 15681, 15781, 15828, 16041, 16349]
Data after sorted :
[9, 89, 107, 154, 519, 539, 599, 649, 731, 1213, 1293, 1497, 1747, 1905, 1971, 1985, 2069, 2207, 2391, 2577, 2607, 2831, 2889, 2993, 3019, 3057, 3148, 3479, 3524, 3590, 3733, 3934, 4285, 4333, 4341, 4365, 4370, 4497, 4637, 4685, 4871, 5131, 5215, 5481, 5799, 5805, 5827, 5923, 5973, 6023, 6181, 6339, 6704, 6993, 7179, 7310, 7315, 7441, 7655, 7675, 7752, 8097, 8117, 8137, 8225, 8393, 8499, 8539, 8573, 8586, 8729, 8769, 8931, 8985, 9345, 9361, 9611, 9688, 9729, 9841, 10064, 10137, 10240, 10256, 10446, 10581, 10586, 10717, 10779, 10837, 10858, 10953, 10961, 11025, 11178, 11230, 11277, 11429, 11521, 11900, 12157, 12239, 12318, 12533, 12561, 13313, 13453, 13487, 13512, 13602, 13640, 13767, 13803, 14031, 14121, 14369, 14649, 14763, 14911, 15199, 15419, 15512, 15609, 15681, 15781, 15828, 16041, 16349]
Execution Time : 
- 4776 nanoseconds
- 0.004776 milliseconds
- 4.776E-6 seconds
