File Name :caseF#6_10.in
Sort Algorithm Name : Shell_Sort
Data Before Sorted :
[1, 3, 3, 3, 15, 13, 3, 13, 9, 7, 20, 9, 9, 5, 12, 10, 10, 1, 12, 3, 15, 9, 21, 17, 9, 21, 1, 10, 7, 3, 1, 15, 17, 3, 9, 3, 9, 17, 3, 6, 11, 13, 5, 3, 15, 19, 4, 9, 12, 1, 17, 2, 20, 11, 9, 19, 7, 7, 6, 19, 9, 21, 6, 10, 20, 19, 19, 1, 8, 1, 17, 20, 21, 4, 9, 3, 17, 18, 21, 13, 19, 22, 5, 17, 2, 13, 11, 13, 1, 20, 11, 14, 22, 21, 7, 1, 18, 1, 15, 17, 17, 21, 1, 7, 2, 7, 13, 21, 12, 12, 11, 12, 16, 3, 17, 3, 12, 20, 1, 3, 9, 21, 7, 17, 9, 1, 4, 14, 21, 2, 2, 1, 21, 14, 3, 4, 9, 11, 7, 7, 13, 19, 3, 1, 9, 2, 14, 5, 1, 7, 1, 1, 6, 16, 1, 17, 21, 19, 15, 13, 6, 17, 13, 13, 5, 17, 7, 1, 9, 21, 3, 5, 21, 17, 21, 13, 1, 1, 10, 10, 17, 7, 5, 17, 11, 12, 18, 9, 1, 3, 17, 19, 6, 6, 1, 1, 5, 10, 15, 17, 1, 1, 20, 1, 19, 1, 22, 9, 17, 1, 9, 19, 10, 1, 9, 16, 9, 13, 17, 21, 22, 7, 5, 17, 7, 1, 5, 1, 8, 5, 20, 1, 7, 4, 1, 1, 17, 8, 15, 21, 1, 1, 2, 1, 5, 14, 16, 1, 12, 7, 5, 5, 1, 15, 9, 7, 19, 22, 10, 13, 8, 9, 14, 3, 16, 9, 19, 3, 15, 11, 17, 5, 17, 7, 11, 21, 17, 11, 11, 7, 1, 8, 15, 11, 19, 13, 8, 17, 15, 5, 1, 3, 16, 12, 12, 9, 9, 1, 19, 9, 14, 17, 17, 1, 13, 22, 13, 1, 8, 9, 1, 14, 15, 10, 5, 11, 3, 1, 12, 17, 4, 17, 1, 3, 3, 12, 12, 1, 15, 21, 9, 22, 14, 17, 16, 14, 12, 19, 14, 15, 21, 15, 17, 11, 17, 3, 12, 21, 12, 17, 1, 11, 20, 7, 1, 5, 3, 13, 12, 6, 16, 17, 4, 11, 21, 15, 21, 1, 19, 1, 1, 20, 21, 7, 18, 2, 5, 19, 20, 21, 3, 4, 6, 1, 3, 15, 12, 9, 9, 5, 19, 11, 17, 1, 13, 17, 7, 8, 7, 7, 17, 21, 1, 3, 22, 17, 16, 12, 15, 9, 21, 2, 5, 15, 10, 3, 22, 22, 19, 5, 19, 17, 9, 5, 11, 4, 15, 20, 8, 1, 9, 8, 13, 2, 8, 5, 12, 1, 14, 15, 13, 9, 13, 21, 21, 21, 11, 1, 18, 13, 13, 19, 19, 1, 9, 19, 20, 18, 9, 16, 20, 6, 3, 21, 9, 7, 6, 18, 13, 12, 1, 9, 12, 1, 17, 1, 8, 21, 11, 11, 9, 1, 10, 17, 7, 20, 11, 8, 21, 6, 1, 7, 1, 17, 7, 15, 14, 17, 13, 1, 2, 1, 11, 12, 11, 20, 12, 9, 2, 13, 15, 3]
Data after sorted :
[1, 1, 1, 1, 1, 1, 1, 1, 1, 1, 1, 1, 1, 1, 1, 1, 1, 1, 1, 1, 1, 1, 1, 1, 1, 1, 1, 1, 1, 1, 1, 1, 1, 1, 1, 1, 1, 1, 1, 1, 1, 1, 1, 1, 1, 1, 1, 1, 1, 1, 1, 1, 1, 1, 1, 1, 1, 1, 1, 1, 1, 1, 1, 1, 1, 1, 1, 1, 1, 1, 2, 2, 2, 2, 2, 2, 2, 2, 2, 2, 2, 2, 3, 3, 3, 3, 3, 3, 3, 3, 3, 3, 3, 3, 3, 3, 3, 3, 3, 3, 3, 3, 3, 3, 3, 3, 3, 3, 3, 3, 3, 3, 3, 3, 4, 4, 4, 4, 4, 4, 4, 4, 4, 5, 5, 5, 5, 5, 5, 5, 5, 5, 5, 5, 5, 5, 5, 5, 5, 5, 5, 5, 5, 5, 5, 5, 5, 6, 6, 6, 6, 6, 6, 6, 6, 6, 6, 6, 6, 7, 7, 7, 7, 7, 7, 7, 7, 7, 7, 7, 7, 7, 7, 7, 7, 7, 7, 7, 7, 7, 7, 7, 7, 7, 7, 7, 7, 7, 8, 8, 8, 8, 8, 8, 8, 8, 8, 8, 8, 8, 8, 9, 9, 9, 9, 9, 9, 9, 9, 9, 9, 9, 9, 9, 9, 9, 9, 9, 9, 9, 9, 9, 9, 9, 9, 9, 9, 9, 9, 9, 9, 9, 9, 9, 9, 9, 9, 9, 9, 9, 9, 9, 10, 10, 10, 10, 10, 10, 10, 10, 10, 10, 10, 10, 11, 11, 11, 11, 11, 11, 11, 11, 11, 11, 11, 11, 11, 11, 11, 11, 11, 11, 11, 11, 11, 11, 11, 11, 12, 12, 12, 12, 12, 12, 12, 12, 12, 12, 12, 12, 12, 12, 12, 12, 12, 12, 12, 12, 12, 12, 12, 12, 12, 13, 13, 13, 13, 13, 13, 13, 13, 13, 13, 13, 13, 13, 13, 13, 13, 13, 13, 13, 13, 13, 13, 13, 13, 13, 13, 13, 14, 14, 14, 14, 14, 14, 14, 14, 14, 14, 14, 14, 14, 15, 15, 15, 15, 15, 15, 15, 15, 15, 15, 15, 15, 15, 15, 15, 15, 15, 15, 15, 15, 15, 15, 15, 15, 16, 16, 16, 16, 16, 16, 16, 16, 16, 16, 17, 17, 17, 17, 17, 17, 17, 17, 17, 17, 17, 17, 17, 17, 17, 17, 17, 17, 17, 17, 17, 17, 17, 17, 17, 17, 17, 17, 17, 17, 17, 17, 17, 17, 17, 17, 17, 17, 17, 17, 17, 17, 17, 17, 17, 18, 18, 18, 18, 18, 18, 18, 19, 19, 19, 19, 19, 19, 19, 19, 19, 19, 19, 19, 19, 19, 19, 19, 19, 19, 19, 19, 19, 19, 19, 19, 20, 20, 20, 20, 20, 20, 20, 20, 20, 20, 20, 20, 20, 20, 20, 20, 21, 21, 21, 21, 21, 21, 21, 21, 21, 21, 21, 21, 21, 21, 21, 21, 21, 21, 21, 21, 21, 21, 21, 21, 21, 21, 21, 21, 21, 21, 21, 21, 21, 22, 22, 22, 22, 22, 22, 22, 22, 22, 22]
Execution Time : 
- 120741 nanoseconds
- 0.120741 milliseconds
- 1.20741E-4 seconds
