File Name :caseF#5_4.in
Sort Algorithm Name : Shell_Sort
Data Before Sorted :
[15, 9, 1, 14, 11, 12, 1, 13, 4, 13, 16, 16, 5, 1, 9, 1, 5, 9, 13, 11, 16, 1, 15, 2, 8, 5, 8, 1, 1, 3, 13, 16, 2, 7, 3, 1, 5, 1, 9, 4, 3, 9, 15, 13, 4, 13, 7, 11, 9, 9, 11, 9, 7, 8, 6, 8, 9, 13, 16, 13, 1, 15, 15, 1, 9, 1, 2, 1, 14, 9, 7, 5, 1, 9, 8, 6, 16, 1, 4, 3, 7, 4, 16, 14, 9, 9, 1, 13, 13, 9, 16, 5, 9, 9, 2, 13, 13, 1, 1, 5, 11, 9, 16, 13, 1, 11, 9, 11, 13, 13, 3, 8, 8, 16, 3, 13, 5, 1, 9, 15, 1, 16, 1, 13, 4, 12, 3, 1, 1, 13, 7, 1, 5, 15, 10, 15, 2, 15, 16, 9, 13, 4, 1, 5, 11, 9, 1, 16, 13, 9, 1, 5, 12, 9, 5, 14, 13, 14, 16, 9, 7, 5, 1, 1, 13, 13, 15, 9, 14, 9, 7, 1, 5, 3, 3, 10, 1, 13, 3, 6, 7, 13, 8, 11, 16, 9, 15, 7, 13, 3, 13, 15, 15, 11, 1, 11, 7, 3, 5, 1, 9, 5, 11, 13, 10, 10, 16, 15, 11, 9, 12, 7, 2, 1, 9, 8, 15, 4, 7, 1, 1, 1, 8, 9, 1, 9, 11, 13, 11, 2, 5, 3, 7, 13, 11, 3, 1, 15, 13, 5, 13, 15, 1, 5, 16, 10, 5, 1, 10, 9, 8, 14, 11, 9, 13, 15]
Data after sorted :
[1, 1, 1, 1, 1, 1, 1, 1, 1, 1, 1, 1, 1, 1, 1, 1, 1, 1, 1, 1, 1, 1, 1, 1, 1, 1, 1, 1, 1, 1, 1, 1, 1, 1, 1, 1, 1, 1, 1, 1, 1, 1, 2, 2, 2, 2, 2, 2, 2, 3, 3, 3, 3, 3, 3, 3, 3, 3, 3, 3, 3, 3, 3, 4, 4, 4, 4, 4, 4, 4, 4, 5, 5, 5, 5, 5, 5, 5, 5, 5, 5, 5, 5, 5, 5, 5, 5, 5, 5, 5, 5, 6, 6, 6, 7, 7, 7, 7, 7, 7, 7, 7, 7, 7, 7, 7, 7, 7, 8, 8, 8, 8, 8, 8, 8, 8, 8, 8, 8, 9, 9, 9, 9, 9, 9, 9, 9, 9, 9, 9, 9, 9, 9, 9, 9, 9, 9, 9, 9, 9, 9, 9, 9, 9, 9, 9, 9, 9, 9, 9, 9, 9, 9, 9, 10, 10, 10, 10, 10, 10, 11, 11, 11, 11, 11, 11, 11, 11, 11, 11, 11, 11, 11, 11, 11, 11, 11, 12, 12, 12, 12, 13, 13, 13, 13, 13, 13, 13, 13, 13, 13, 13, 13, 13, 13, 13, 13, 13, 13, 13, 13, 13, 13, 13, 13, 13, 13, 13, 13, 13, 13, 13, 13, 13, 14, 14, 14, 14, 14, 14, 14, 15, 15, 15, 15, 15, 15, 15, 15, 15, 15, 15, 15, 15, 15, 15, 15, 15, 15, 16, 16, 16, 16, 16, 16, 16, 16, 16, 16, 16, 16, 16, 16, 16, 16, 16]
Execution Time : 
- 47184 nanoseconds
- 0.047184 milliseconds
- 4.7183999999999994E-5 seconds
