File Name :caseB#5_3.in
Sort Algorithm Name : Shell_Sort
Data Before Sorted :
[596, 1077, 1407, 1840, 2158, 2217, 3121, 3869, 4341, 4874, 5103, 5219, 5389, 5487, 5537, 5694, 5975, 6355, 6641, 6751, 7234, 7272, 7363, 7621, 7665, 7686, 8347, 8564, 8867, 8913, 9242, 9336, 9493, 9561, 9911, 10022, 10023, 10764, 10825, 11162, 12109, 12214, 12386, 12449, 13649, 14203, 14884, 15405, 15525, 15555, 16001, 16089, 16351, 16413, 16473, 16504, 16665, 17185, 17217, 17669, 17729, 17825, 17896, 17995, 18057, 18199, 19005, 19638, 19907, 19939, 20324, 20373, 20415, 20515, 20919, 20991, 21015, 21291, 21743, 22148, 22481, 22515, 22619, 22945, 23137, 23277, 23580, 24337, 25001, 25201, 25713, 25849, 26361, 26653, 26757, 26945, 27039, 27146, 27422, 27633, 27771, 27889, 27904, 28081, 28283, 28383, 28485, 28586, 29244, 29405, 29459, 29493, 30106, 30151, 30180, 30203, 30986, 31217, 31437, 31679, 31771, 31941, 32221, 32378, 32522, 32577, 33305, 33409, 33616, 33855, 34009, 34060, 34545, 35080, 35747, 35773, 35945, 36198, 36373, 36413, 37273, 37378, 37745, 37968, 38784, 38842, 39801, 39953, 40461, 40977, 40981, 41431, 41933, 41951, 42033, 42357, 42405, 42549, 42761, 42782, 42861, 42994, 43167, 43241, 43855, 44225, 44308, 44480, 44711, 44979, 45265, 45734, 46149, 46409, 46611, 46612, 46625, 46761, 46813, 47017, 47146, 47205, 47365, 47389, 47433, 47470, 47742, 47791, 47937, 48173, 48453, 48801, 48957, 49335, 49371, 49422, 49701, 50433, 50553, 50888, 50967, 51095, 51671, 51707, 51904, 52141, 52732, 52808, 52976, 53041, 53122, 53215, 54001, 54529, 54533, 55501, 55529, 55709, 55907, 56059, 56082, 56318, 56593, 56651, 56718, 56922, 57418, 57547, 57809, 57987, 58137, 58587, 58691, 58953, 59793, 60162, 60293, 60873, 61902, 62241, 62713, 63179, 63779, 63782, 63971, 64033, 64233, 64270, 64535, 64546, 64553, 64799, 64935, 64969, 65268, 65335]
Data after sorted :
[596, 1077, 1407, 1840, 2158, 2217, 3121, 3869, 4341, 4874, 5103, 5219, 5389, 5487, 5537, 5694, 5975, 6355, 6641, 6751, 7234, 7272, 7363, 7621, 7665, 7686, 8347, 8564, 8867, 8913, 9242, 9336, 9493, 9561, 9911, 10022, 10023, 10764, 10825, 11162, 12109, 12214, 12386, 12449, 13649, 14203, 14884, 15405, 15525, 15555, 16001, 16089, 16351, 16413, 16473, 16504, 16665, 17185, 17217, 17669, 17729, 17825, 17896, 17995, 18057, 18199, 19005, 19638, 19907, 19939, 20324, 20373, 20415, 20515, 20919, 20991, 21015, 21291, 21743, 22148, 22481, 22515, 22619, 22945, 23137, 23277, 23580, 24337, 25001, 25201, 25713, 25849, 26361, 26653, 26757, 26945, 27039, 27146, 27422, 27633, 27771, 27889, 27904, 28081, 28283, 28383, 28485, 28586, 29244, 29405, 29459, 29493, 30106, 30151, 30180, 30203, 30986, 31217, 31437, 31679, 31771, 31941, 32221, 32378, 32522, 32577, 33305, 33409, 33616, 33855, 34009, 34060, 34545, 35080, 35747, 35773, 35945, 36198, 36373, 36413, 37273, 37378, 37745, 37968, 38784, 38842, 39801, 39953, 40461, 40977, 40981, 41431, 41933, 41951, 42033, 42357, 42405, 42549, 42761, 42782, 42861, 42994, 43167, 43241, 43855, 44225, 44308, 44480, 44711, 44979, 45265, 45734, 46149, 46409, 46611, 46612, 46625, 46761, 46813, 47017, 47146, 47205, 47365, 47389, 47433, 47470, 47742, 47791, 47937, 48173, 48453, 48801, 48957, 49335, 49371, 49422, 49701, 50433, 50553, 50888, 50967, 51095, 51671, 51707, 51904, 52141, 52732, 52808, 52976, 53041, 53122, 53215, 54001, 54529, 54533, 55501, 55529, 55709, 55907, 56059, 56082, 56318, 56593, 56651, 56718, 56922, 57418, 57547, 57809, 57987, 58137, 58587, 58691, 58953, 59793, 60162, 60293, 60873, 61902, 62241, 62713, 63179, 63779, 63782, 63971, 64033, 64233, 64270, 64535, 64546, 64553, 64799, 64935, 64969, 65268, 65335]
Execution Time : 
- 10038 nanoseconds
- 0.010038 milliseconds
- 1.0038E-5 seconds
