File Name :caseA#5_4.in
Sort Algorithm Name : Shell_Sort
Data Before Sorted :
[25554, 30537, 17277, 20171, 33323, 9709, 9713, 13366, 23627, 43399, 45169, 19545, 25921, 10601, 24657, 49726, 13421, 31040, 12345, 15335, 2901, 27610, 61290, 10209, 33433, 21324, 59745, 22767, 39607, 59430, 26528, 43053, 32207, 7671, 29292, 60770, 63155, 23297, 61144, 26061, 8689, 2247, 26865, 48179, 17953, 13123, 53001, 60695, 47098, 47783, 63962, 18117, 24873, 59420, 45449, 31424, 51253, 56705, 36148, 58677, 22713, 40290, 6708, 18067, 3112, 38977, 10921, 41893, 44319, 48021, 36643, 16121, 4318, 40514, 12873, 62033, 30033, 3157, 53791, 39024, 28206, 1294, 5493, 37713, 7645, 27883, 54546, 43217, 5036, 18059, 17308, 23955, 40445, 19153, 32415, 20787, 16120, 11346, 26733, 5615, 19009, 9409, 43787, 14225, 24914, 50409, 9115, 20103, 12988, 63073, 50514, 57833, 30762, 43330, 29681, 12203, 8963, 11965, 46388, 21499, 65395, 34214, 49233, 10981, 17153, 61097, 26975, 61274, 20289, 38648, 24413, 25961, 17987, 3452, 33770, 64545, 60297, 7356, 19873, 61701, 61516, 4009, 14457, 30301, 31, 48849, 23623, 11605, 28451, 12853, 13342, 58201, 42449, 14867, 37041, 1766, 40701, 34183, 31738, 42473, 48472, 8014, 9850, 11404, 56507, 12558, 51526, 54213, 25623, 888, 13823, 53019, 42127, 32447, 46913, 12893, 45269, 57381, 52225, 56545, 17797, 57521, 8346, 52421, 47614, 21214, 36287, 43609, 3085, 9344, 16717, 58209, 30321, 1157, 1703, 19003, 13237, 63841, 9877, 42679, 28819, 25345, 53497, 20473, 46305, 8153, 65165, 63441, 62897, 57089, 44781, 28008, 53824, 62864, 19142, 60429, 32269, 3552, 47395, 28389, 48321, 7985, 6943, 33149, 58188, 2009, 47163, 48769, 56617, 19461, 7007, 43167, 48665, 42251, 31127, 62816, 58973, 17311, 57705, 62431, 31081, 934, 36056, 11862, 41777, 8669, 21025, 14518, 21313, 58705, 9401, 52597, 12557, 47631, 58300, 33543]
Data after sorted :
[31, 888, 934, 1157, 1294, 1703, 1766, 2009, 2247, 2901, 3085, 3112, 3157, 3452, 3552, 4009, 4318, 5036, 5493, 5615, 6708, 6943, 7007, 7356, 7645, 7671, 7985, 8014, 8153, 8346, 8669, 8689, 8963, 9115, 9344, 9401, 9409, 9709, 9713, 9850, 9877, 10209, 10601, 10921, 10981, 11346, 11404, 11605, 11862, 11965, 12203, 12345, 12557, 12558, 12853, 12873, 12893, 12988, 13123, 13237, 13342, 13366, 13421, 13823, 14225, 14457, 14518, 14867, 15335, 16120, 16121, 16717, 17153, 17277, 17308, 17311, 17797, 17953, 17987, 18059, 18067, 18117, 19003, 19009, 19142, 19153, 19461, 19545, 19873, 20103, 20171, 20289, 20473, 20787, 21025, 21214, 21313, 21324, 21499, 22713, 22767, 23297, 23623, 23627, 23955, 24413, 24657, 24873, 24914, 25345, 25554, 25623, 25921, 25961, 26061, 26528, 26733, 26865, 26975, 27610, 27883, 28008, 28206, 28389, 28451, 28819, 29292, 29681, 30033, 30301, 30321, 30537, 30762, 31040, 31081, 31127, 31424, 31738, 32207, 32269, 32415, 32447, 33149, 33323, 33433, 33543, 33770, 34183, 34214, 36056, 36148, 36287, 36643, 37041, 37713, 38648, 38977, 39024, 39607, 40290, 40445, 40514, 40701, 41777, 41893, 42127, 42251, 42449, 42473, 42679, 43053, 43167, 43217, 43330, 43399, 43609, 43787, 44319, 44781, 45169, 45269, 45449, 46305, 46388, 46913, 47098, 47163, 47395, 47614, 47631, 47783, 48021, 48179, 48321, 48472, 48665, 48769, 48849, 49233, 49726, 50409, 50514, 51253, 51526, 52225, 52421, 52597, 53001, 53019, 53497, 53791, 53824, 54213, 54546, 56507, 56545, 56617, 56705, 57089, 57381, 57521, 57705, 57833, 58188, 58201, 58209, 58300, 58677, 58705, 58973, 59420, 59430, 59745, 60297, 60429, 60695, 60770, 61097, 61144, 61274, 61290, 61516, 61701, 62033, 62431, 62816, 62864, 62897, 63073, 63155, 63441, 63841, 63962, 64545, 65165, 65395]
Execution Time : 
- 31476 nanoseconds
- 0.031476 milliseconds
- 3.1475999999999995E-5 seconds
