File Name :caseE#5_10.in
Sort Algorithm Name : Shell_Sort
Data Before Sorted :
[194, 355, 468, 759, 997, 1097, 1382, 1601, 1639, 2036, 2743, 2779, 3209, 3469, 3723, 3745, 3922, 4465, 4673, 5049, 5298, 5377, 5521, 5586, 6293, 6323, 7327, 7559, 8095, 8308, 8789, 8865, 8911, 9052, 9229, 9233, 9249, 9409, 9463, 9749, 9899, 10173, 10409, 10477, 10641, 10653, 10970, 11100, 11269, 11501, 12481, 12766, 13010, 13473, 13894, 14001, 14559, 14572, 14896, 15521, 15538, 15561, 15739, 15912, 16369, 16437, 16441, 16633, 17505, 17633, 17680, 18203, 18493, 18517, 18706, 18818, 19049, 19232, 19323, 20449, 20796, 20870, 21191, 21729, 22079, 22209, 22229, 22387, 22999, 23431, 23565, 24684, 24957, 25033, 25440, 25507, 25581, 25769, 26002, 26847, 27029, 27054, 27265, 27269, 27801, 27909, 29615, 29643, 29777, 29816, 30091, 30849, 31007, 31148, 31373, 31434, 31673, 32387, 32447, 32545, 32985, 33457, 33566, 33617, 33634, 33657, 33945, 34555, 34564, 34999, 36031, 37353, 38009, 38017, 38030, 38291, 38333, 38985, 39090, 39201, 39559, 40865, 40945, 41129, 41213, 41227, 41255, 41439, 41706, 41881, 42344, 42561, 42769, 43631, 44565, 45063, 45158, 45485, 45548, 45789, 45909, 45966, 46055, 46625, 46731, 47311, 47705, 47847, 47932, 48466, 49325, 49587, 49983, 50365, 50417, 50545, 50761, 50937, 50982, 51285, 51291, 51615, 52130, 52577, 52673, 52731, 52773, 53251, 53623, 53897, 54003, 54056, 54317, 54785, 54901, 55334, 55615, 56173, 56198, 56560, 56561, 56961, 57353, 57361, 58135, 58233, 58913, 59737, 60067, 60101, 60565, 61191, 61250, 61653, 61807, 62037, 62075, 62107, 62145, 62209, 63355, 63383, 63525, 63937, 64384, 64589, 64986, 65295, 65459, 65489, 13001, 17235, 6273, 62633, 48469, 57649, 41418, 737, 6124, 23593, 17603, 30735, 52226, 15480, 59123, 35909, 4985, 24566, 36647, 25361, 53229, 32442, 6141, 50117, 1463, 23478]
Data after sorted :
[194, 355, 468, 737, 759, 997, 1097, 1382, 1463, 1601, 1639, 2036, 2743, 2779, 3209, 3469, 3723, 3745, 3922, 4465, 4673, 4985, 5049, 5298, 5377, 5521, 5586, 6124, 6141, 6273, 6293, 6323, 7327, 7559, 8095, 8308, 8789, 8865, 8911, 9052, 9229, 9233, 9249, 9409, 9463, 9749, 9899, 10173, 10409, 10477, 10641, 10653, 10970, 11100, 11269, 11501, 12481, 12766, 13001, 13010, 13473, 13894, 14001, 14559, 14572, 14896, 15480, 15521, 15538, 15561, 15739, 15912, 16369, 16437, 16441, 16633, 17235, 17505, 17603, 17633, 17680, 18203, 18493, 18517, 18706, 18818, 19049, 19232, 19323, 20449, 20796, 20870, 21191, 21729, 22079, 22209, 22229, 22387, 22999, 23431, 23478, 23565, 23593, 24566, 24684, 24957, 25033, 25361, 25440, 25507, 25581, 25769, 26002, 26847, 27029, 27054, 27265, 27269, 27801, 27909, 29615, 29643, 29777, 29816, 30091, 30735, 30849, 31007, 31148, 31373, 31434, 31673, 32387, 32442, 32447, 32545, 32985, 33457, 33566, 33617, 33634, 33657, 33945, 34555, 34564, 34999, 35909, 36031, 36647, 37353, 38009, 38017, 38030, 38291, 38333, 38985, 39090, 39201, 39559, 40865, 40945, 41129, 41213, 41227, 41255, 41418, 41439, 41706, 41881, 42344, 42561, 42769, 43631, 44565, 45063, 45158, 45485, 45548, 45789, 45909, 45966, 46055, 46625, 46731, 47311, 47705, 47847, 47932, 48466, 48469, 49325, 49587, 49983, 50117, 50365, 50417, 50545, 50761, 50937, 50982, 51285, 51291, 51615, 52130, 52226, 52577, 52673, 52731, 52773, 53229, 53251, 53623, 53897, 54003, 54056, 54317, 54785, 54901, 55334, 55615, 56173, 56198, 56560, 56561, 56961, 57353, 57361, 57649, 58135, 58233, 58913, 59123, 59737, 60067, 60101, 60565, 61191, 61250, 61653, 61807, 62037, 62075, 62107, 62145, 62209, 62633, 63355, 63383, 63525, 63937, 64384, 64589, 64986, 65295, 65459, 65489]
Execution Time : 
- 18207 nanoseconds
- 0.018207 milliseconds
- 1.8207E-5 seconds
