File Name :caseC#5_6.in
Sort Algorithm Name : Shell_Sort
Total of data : 256
Data Before Sorted :
[65189, 65025, 64641, 64625, 64572, 64369, 64329, 63976, 63711, 63397, 63365, 63299, 63209, 63187, 63121, 63093, 63029, 62456, 62289, 62173, 61792, 61247, 61230, 61165, 61144, 60873, 60331, 60145, 59871, 59809, 59797, 58941, 58821, 58509, 58349, 58236, 58197, 58065, 57970, 57865, 57749, 57567, 57209, 57137, 56915, 56661, 55463, 55207, 55201, 55173, 55093, 55037, 54753, 54508, 53708, 53445, 53421, 53098, 53092, 52865, 52785, 52665, 52405, 52022, 51489, 51321, 50902, 50433, 50244, 50016, 49577, 49569, 49429, 48281, 47949, 47735, 47655, 47453, 47406, 47380, 47076, 46771, 46559, 45996, 45948, 45353, 44719, 44370, 44312, 44115, 43803, 43641, 42853, 42731, 42433, 42256, 41745, 41711, 40947, 40686, 40161, 40035, 39530, 39474, 39200, 39012, 38732, 38355, 38037, 37951, 37921, 37837, 37795, 37273, 36928, 36556, 36334, 36095, 35999, 35839, 35729, 35717, 35502, 35196, 34876, 34541, 34309, 34303, 34301, 33884, 33675, 33597, 33329, 33244, 33243, 32913, 32637, 32627, 32516, 32282, 32039, 32019, 31805, 31593, 31281, 31241, 31216, 30593, 30358, 29775, 29769, 29307, 28879, 28071, 28028, 27587, 26428, 25274, 25131, 25033, 24719, 24601, 24365, 24174, 23733, 23343, 23249, 21907, 21809, 21769, 21609, 21075, 20861, 20853, 20840, 20521, 20426, 18689, 18667, 18225, 18121, 17885, 17849, 17817, 17697, 17395, 16814, 16734, 16606, 16319, 16045, 15987, 15899, 15861, 15827, 15713, 15345, 15215, 15121, 15093, 14875, 14777, 14339, 14209, 13949, 13892, 13797, 13617, 13261, 13152, 12965, 12755, 12582, 12513, 12299, 11469, 11179, 10577, 10497, 10415, 10109, 10087, 9873, 9793, 8851, 8791, 8287, 6809, 6633, 6189, 6098, 5698, 5501, 5411, 5099, 4853, 4746, 4645, 3930, 3837, 3585, 3543, 2891, 2695, 2563, 2437, 2298, 2185, 1917, 1681, 1323, 1011, 987, 626, 309, 29]
Data after sorted :
[29, 309, 626, 987, 1011, 1323, 1681, 1917, 2185, 2298, 2437, 2563, 2695, 2891, 3543, 3585, 3837, 3930, 4645, 4746, 4853, 5099, 5411, 5501, 5698, 6098, 6189, 6633, 6809, 8287, 8791, 8851, 9793, 9873, 10087, 10109, 10415, 10497, 10577, 11179, 11469, 12299, 12513, 12582, 12755, 12965, 13152, 13261, 13617, 13797, 13892, 13949, 14209, 14339, 14777, 14875, 15093, 15121, 15215, 15345, 15713, 15827, 15861, 15899, 15987, 16045, 16319, 16606, 16734, 16814, 17395, 17697, 17817, 17849, 17885, 18121, 18225, 18667, 18689, 20426, 20521, 20840, 20853, 20861, 21075, 21609, 21769, 21809, 21907, 23249, 23343, 23733, 24174, 24365, 24601, 24719, 25033, 25131, 25274, 26428, 27587, 28028, 28071, 28879, 29307, 29769, 29775, 30358, 30593, 31216, 31241, 31281, 31593, 31805, 32019, 32039, 32282, 32516, 32627, 32637, 32913, 33243, 33244, 33329, 33597, 33675, 33884, 34301, 34303, 34309, 34541, 34876, 35196, 35502, 35717, 35729, 35839, 35999, 36095, 36334, 36556, 36928, 37273, 37795, 37837, 37921, 37951, 38037, 38355, 38732, 39012, 39200, 39474, 39530, 40035, 40161, 40686, 40947, 41711, 41745, 42256, 42433, 42731, 42853, 43641, 43803, 44115, 44312, 44370, 44719, 45353, 45948, 45996, 46559, 46771, 47076, 47380, 47406, 47453, 47655, 47735, 47949, 48281, 49429, 49569, 49577, 50016, 50244, 50433, 50902, 51321, 51489, 52022, 52405, 52665, 52785, 52865, 53092, 53098, 53421, 53445, 53708, 54508, 54753, 55037, 55093, 55173, 55201, 55207, 55463, 56661, 56915, 57137, 57209, 57567, 57749, 57865, 57970, 58065, 58197, 58236, 58349, 58509, 58821, 58941, 59797, 59809, 59871, 60145, 60331, 60873, 61144, 61165, 61230, 61247, 61792, 62173, 62289, 62456, 63029, 63093, 63121, 63187, 63209, 63299, 63365, 63397, 63711, 63976, 64329, 64369, 64572, 64625, 64641, 65025, 65189]
Execution Time : 
- 13350 nanoseconds
- 0.01335 milliseconds
- 1.3350000000000001E-5 seconds
