File Name :caseB#5_10.in
Sort Algorithm Name : Shell_Sort
Total of data : 256
Data Before Sorted :
[444, 739, 793, 815, 1845, 2005, 2200, 2455, 2741, 3117, 3291, 3777, 4126, 4250, 4313, 5761, 6030, 6097, 6417, 6667, 6842, 7247, 7281, 7327, 7469, 7954, 8021, 8159, 8422, 8674, 8702, 8773, 9094, 9135, 9481, 9625, 9827, 10121, 10633, 10697, 10717, 10850, 11505, 11549, 12186, 12193, 12241, 12302, 12665, 13526, 14020, 14035, 14097, 14353, 14493, 14659, 15209, 15567, 16176, 16799, 16812, 17037, 17052, 18095, 18227, 18401, 18513, 18641, 18678, 18974, 19039, 19086, 19901, 20202, 20239, 20551, 20607, 21509, 21760, 22232, 22501, 22569, 23001, 23121, 23169, 23225, 23251, 23605, 23705, 23761, 23767, 23885, 24011, 24287, 24309, 24396, 24953, 25685, 26065, 26273, 26909, 27137, 27181, 27199, 27523, 27877, 28353, 28486, 28533, 28801, 28980, 29185, 29303, 29751, 29993, 30031, 30701, 30721, 30959, 31026, 31495, 31780, 31963, 32017, 32090, 32210, 32603, 32695, 33383, 34235, 34715, 35045, 35129, 35543, 35921, 36322, 36505, 36704, 37149, 37353, 37489, 37921, 38052, 38749, 39633, 39913, 40241, 40334, 40393, 40683, 41145, 41215, 41302, 41657, 41769, 41865, 42146, 42361, 42401, 43373, 43679, 43793, 43825, 44191, 44556, 44801, 44880, 44941, 45099, 45149, 45407, 45561, 45791, 46462, 46475, 46721, 47656, 48029, 48475, 48695, 48961, 49316, 49521, 49585, 50033, 50121, 50209, 50429, 50450, 50479, 50491, 50550, 50887, 50913, 51001, 51609, 51707, 51768, 52076, 52224, 52318, 52964, 53127, 53217, 53625, 53663, 53803, 53817, 53965, 54005, 54014, 54115, 54338, 54528, 54581, 54719, 54913, 56083, 56467, 56501, 56907, 57232, 57251, 57300, 57946, 57951, 57967, 58575, 58761, 58959, 59531, 59561, 59933, 59964, 60246, 60631, 60905, 61157, 61249, 61437, 61766, 61809, 62399, 62906, 62911, 62951, 63292, 63330, 63409, 64218, 64773, 65169, 65329, 65409, 65445, 65511]
Data after sorted :
[444, 739, 793, 815, 1845, 2005, 2200, 2455, 2741, 3117, 3291, 3777, 4126, 4250, 4313, 5761, 6030, 6097, 6417, 6667, 6842, 7247, 7281, 7327, 7469, 7954, 8021, 8159, 8422, 8674, 8702, 8773, 9094, 9135, 9481, 9625, 9827, 10121, 10633, 10697, 10717, 10850, 11505, 11549, 12186, 12193, 12241, 12302, 12665, 13526, 14020, 14035, 14097, 14353, 14493, 14659, 15209, 15567, 16176, 16799, 16812, 17037, 17052, 18095, 18227, 18401, 18513, 18641, 18678, 18974, 19039, 19086, 19901, 20202, 20239, 20551, 20607, 21509, 21760, 22232, 22501, 22569, 23001, 23121, 23169, 23225, 23251, 23605, 23705, 23761, 23767, 23885, 24011, 24287, 24309, 24396, 24953, 25685, 26065, 26273, 26909, 27137, 27181, 27199, 27523, 27877, 28353, 28486, 28533, 28801, 28980, 29185, 29303, 29751, 29993, 30031, 30701, 30721, 30959, 31026, 31495, 31780, 31963, 32017, 32090, 32210, 32603, 32695, 33383, 34235, 34715, 35045, 35129, 35543, 35921, 36322, 36505, 36704, 37149, 37353, 37489, 37921, 38052, 38749, 39633, 39913, 40241, 40334, 40393, 40683, 41145, 41215, 41302, 41657, 41769, 41865, 42146, 42361, 42401, 43373, 43679, 43793, 43825, 44191, 44556, 44801, 44880, 44941, 45099, 45149, 45407, 45561, 45791, 46462, 46475, 46721, 47656, 48029, 48475, 48695, 48961, 49316, 49521, 49585, 50033, 50121, 50209, 50429, 50450, 50479, 50491, 50550, 50887, 50913, 51001, 51609, 51707, 51768, 52076, 52224, 52318, 52964, 53127, 53217, 53625, 53663, 53803, 53817, 53965, 54005, 54014, 54115, 54338, 54528, 54581, 54719, 54913, 56083, 56467, 56501, 56907, 57232, 57251, 57300, 57946, 57951, 57967, 58575, 58761, 58959, 59531, 59561, 59933, 59964, 60246, 60631, 60905, 61157, 61249, 61437, 61766, 61809, 62399, 62906, 62911, 62951, 63292, 63330, 63409, 64218, 64773, 65169, 65329, 65409, 65445, 65511]
Execution Time : 
- 10138 nanoseconds
- 0.010138 milliseconds
- 1.0138E-5 seconds
