File Name :caseF#5_7.in
Sort Algorithm Name : Shell_Sort
Data Before Sorted :
[14, 1, 9, 10, 5, 11, 1, 5, 12, 11, 16, 11, 4, 9, 7, 14, 15, 13, 10, 16, 12, 1, 7, 7, 6, 1, 1, 5, 12, 9, 7, 11, 9, 15, 1, 3, 1, 14, 9, 15, 1, 6, 4, 13, 15, 6, 1, 1, 3, 13, 6, 9, 1, 9, 5, 1, 1, 11, 1, 5, 8, 1, 11, 11, 1, 6, 1, 8, 9, 13, 2, 9, 1, 8, 15, 1, 7, 13, 5, 9, 5, 13, 2, 3, 13, 4, 1, 1, 9, 10, 1, 14, 1, 13, 11, 12, 6, 2, 6, 2, 5, 13, 6, 7, 9, 13, 5, 1, 4, 14, 15, 10, 9, 1, 3, 13, 1, 9, 11, 9, 5, 9, 13, 13, 7, 15, 16, 15, 1, 15, 7, 13, 12, 1, 1, 14, 1, 9, 13, 9, 13, 16, 6, 1, 6, 3, 16, 8, 9, 5, 13, 2, 1, 9, 13, 14, 11, 2, 12, 14, 12, 12, 12, 1, 12, 9, 1, 13, 7, 13, 9, 14, 15, 10, 9, 1, 13, 1, 1, 9, 5, 16, 7, 1, 16, 13, 13, 4, 5, 11, 13, 8, 7, 15, 9, 11, 5, 9, 14, 12, 1, 8, 5, 11, 8, 6, 11, 16, 1, 13, 3, 1, 6, 6, 2, 9, 7, 9, 3, 1, 9, 8, 2, 2, 15, 7, 13, 8, 1, 1, 1, 12, 14, 13, 11, 4, 5, 10, 1, 14, 15, 15, 13, 2, 1, 16, 1, 5, 7, 9, 8, 14, 10, 10, 3, 7]
Data after sorted :
[1, 1, 1, 1, 1, 1, 1, 1, 1, 1, 1, 1, 1, 1, 1, 1, 1, 1, 1, 1, 1, 1, 1, 1, 1, 1, 1, 1, 1, 1, 1, 1, 1, 1, 1, 1, 1, 1, 1, 1, 1, 1, 1, 1, 1, 1, 1, 1, 2, 2, 2, 2, 2, 2, 2, 2, 2, 2, 3, 3, 3, 3, 3, 3, 3, 3, 4, 4, 4, 4, 4, 4, 5, 5, 5, 5, 5, 5, 5, 5, 5, 5, 5, 5, 5, 5, 5, 5, 5, 6, 6, 6, 6, 6, 6, 6, 6, 6, 6, 6, 6, 6, 7, 7, 7, 7, 7, 7, 7, 7, 7, 7, 7, 7, 7, 7, 7, 8, 8, 8, 8, 8, 8, 8, 8, 8, 8, 9, 9, 9, 9, 9, 9, 9, 9, 9, 9, 9, 9, 9, 9, 9, 9, 9, 9, 9, 9, 9, 9, 9, 9, 9, 9, 9, 9, 9, 9, 10, 10, 10, 10, 10, 10, 10, 10, 11, 11, 11, 11, 11, 11, 11, 11, 11, 11, 11, 11, 11, 11, 11, 12, 12, 12, 12, 12, 12, 12, 12, 12, 12, 12, 12, 13, 13, 13, 13, 13, 13, 13, 13, 13, 13, 13, 13, 13, 13, 13, 13, 13, 13, 13, 13, 13, 13, 13, 13, 13, 13, 13, 13, 14, 14, 14, 14, 14, 14, 14, 14, 14, 14, 14, 14, 14, 15, 15, 15, 15, 15, 15, 15, 15, 15, 15, 15, 15, 15, 15, 16, 16, 16, 16, 16, 16, 16, 16, 16]
Execution Time : 
- 50293 nanoseconds
- 0.050293 milliseconds
- 5.0292999999999994E-5 seconds
