File Name :caseA#5_7.in
Sort Algorithm Name : Shell_Sort
Total of data : 256
Data Before Sorted :
[10102, 55901, 948, 8961, 29393, 12099, 34338, 14031, 45754, 5507, 5861, 20756, 12637, 13356, 55213, 47597, 45967, 2133, 40979, 42185, 56957, 3973, 2913, 43236, 35337, 31819, 47202, 28818, 55994, 63875, 6415, 54185, 63521, 38467, 15056, 55651, 43649, 45489, 44229, 36021, 11731, 61151, 32326, 40668, 37408, 41279, 57077, 54233, 55757, 26199, 55630, 54143, 16195, 45052, 58904, 50266, 34855, 23037, 14237, 51918, 34265, 16437, 4421, 13345, 38991, 8209, 59695, 39282, 56224, 10049, 60457, 7507, 30349, 10433, 49340, 51260, 48142, 20549, 56631, 39612, 33861, 22035, 45071, 25155, 53731, 40301, 36833, 46011, 30785, 64429, 4673, 23715, 8475, 64611, 45949, 35445, 40873, 27790, 47937, 44507, 42241, 45421, 23437, 28259, 24681, 65010, 52093, 60389, 45001, 2745, 62331, 8156, 10287, 55105, 6841, 19613, 3667, 15313, 1532, 54763, 23089, 52662, 19149, 62098, 22669, 36261, 47223, 10209, 63457, 14221, 4741, 13405, 18905, 30793, 46588, 52923, 55916, 5031, 32145, 35059, 56417, 43177, 27695, 25147, 931, 54321, 50213, 34038, 28289, 36901, 32689, 65166, 60456, 11663, 61933, 2145, 65273, 8202, 15119, 52251, 57420, 54328, 56389, 49463, 56573, 47601, 23903, 57649, 58485, 37687, 10113, 3825, 8995, 100, 65301, 3137, 46145, 30567, 14369, 6317, 64825, 62120, 7172, 47569, 29965, 44601, 48447, 445, 31109, 3817, 60073, 14549, 44537, 29855, 41002, 52286, 36277, 45937, 36353, 27936, 29182, 11725, 3276, 57169, 16618, 54853, 49745, 44953, 34875, 62660, 28895, 3606, 13219, 1227, 60622, 17923, 45379, 21999, 6908, 62979, 19800, 1689, 49049, 46671, 20921, 25157, 4097, 42889, 46857, 19098, 49348, 2427, 34725, 59401, 38397, 7698, 39371, 60160, 18455, 56910, 1981, 30447, 23216, 43108, 51339, 57265, 45675, 10565, 37836, 58634, 24032, 60449, 24639, 60757, 24673, 32405]
Data after sorted :
[100, 445, 931, 948, 1227, 1532, 1689, 1981, 2133, 2145, 2427, 2745, 2913, 3137, 3276, 3606, 3667, 3817, 3825, 3973, 4097, 4421, 4673, 4741, 5031, 5507, 5861, 6317, 6415, 6841, 6908, 7172, 7507, 7698, 8156, 8202, 8209, 8475, 8961, 8995, 10049, 10102, 10113, 10209, 10287, 10433, 10565, 11663, 11725, 11731, 12099, 12637, 13219, 13345, 13356, 13405, 14031, 14221, 14237, 14369, 14549, 15056, 15119, 15313, 16195, 16437, 16618, 17923, 18455, 18905, 19098, 19149, 19613, 19800, 20549, 20756, 20921, 21999, 22035, 22669, 23037, 23089, 23216, 23437, 23715, 23903, 24032, 24639, 24673, 24681, 25147, 25155, 25157, 26199, 27695, 27790, 27936, 28259, 28289, 28818, 28895, 29182, 29393, 29855, 29965, 30349, 30447, 30567, 30785, 30793, 31109, 31819, 32145, 32326, 32405, 32689, 33861, 34038, 34265, 34338, 34725, 34855, 34875, 35059, 35337, 35445, 36021, 36261, 36277, 36353, 36833, 36901, 37408, 37687, 37836, 38397, 38467, 38991, 39282, 39371, 39612, 40301, 40668, 40873, 40979, 41002, 41279, 42185, 42241, 42889, 43108, 43177, 43236, 43649, 44229, 44507, 44537, 44601, 44953, 45001, 45052, 45071, 45379, 45421, 45489, 45675, 45754, 45937, 45949, 45967, 46011, 46145, 46588, 46671, 46857, 47202, 47223, 47569, 47597, 47601, 47937, 48142, 48447, 49049, 49340, 49348, 49463, 49745, 50213, 50266, 51260, 51339, 51918, 52093, 52251, 52286, 52662, 52923, 53731, 54143, 54185, 54233, 54321, 54328, 54763, 54853, 55105, 55213, 55630, 55651, 55757, 55901, 55916, 55994, 56224, 56389, 56417, 56573, 56631, 56910, 56957, 57077, 57169, 57265, 57420, 57649, 58485, 58634, 58904, 59401, 59695, 60073, 60160, 60389, 60449, 60456, 60457, 60622, 60757, 61151, 61933, 62098, 62120, 62331, 62660, 62979, 63457, 63521, 63875, 64429, 64611, 64825, 65010, 65166, 65273, 65301]
Execution Time : 
- 30094 nanoseconds
- 0.030094 milliseconds
- 3.0094E-5 seconds
