File Name :caseA#3_3.in
Sort Algorithm Name : Shell_Sort
Data Before Sorted :
[3217, 101, 3693, 1241, 3013, 3329, 1425, 2055, 2503, 3021, 3905, 2757, 1588, 2055, 1725, 2322, 3513, 2193, 2879, 2251, 509, 685, 101, 3001, 3765, 710, 3369, 1213, 869, 3822, 1486, 1388, 943, 937, 3551, 314, 2915, 1691, 2921, 257, 2577, 1601, 2039, 541, 604, 465, 3987, 1310, 689, 454, 198, 2150, 2424, 3397, 1411, 263, 240, 3650, 1580, 3137, 2373, 1793, 2045, 2384]
Data after sorted :
[101, 101, 198, 240, 257, 263, 314, 454, 465, 509, 541, 604, 685, 689, 710, 869, 937, 943, 1213, 1241, 1310, 1388, 1411, 1425, 1486, 1580, 1588, 1601, 1691, 1725, 1793, 2039, 2045, 2055, 2055, 2150, 2193, 2251, 2322, 2373, 2384, 2424, 2503, 2577, 2757, 2879, 2915, 2921, 3001, 3013, 3021, 3137, 3217, 3329, 3369, 3397, 3513, 3551, 3650, 3693, 3765, 3822, 3905, 3987]
Execution Time : 
- 6386 nanoseconds
- 0.006386 milliseconds
- 6.386E-6 seconds
