File Name :caseF#3_1.in
Sort Algorithm Name : Shell_Sort
Data Before Sorted :
[3, 5, 7, 5, 5, 6, 7, 1, 1, 1, 8, 7, 8, 3, 5, 1, 1, 3, 7, 1, 1, 1, 5, 3, 3, 7, 5, 3, 4, 1, 4, 7, 1, 1, 3, 5, 1, 3, 5, 1, 2, 5, 8, 4, 5, 5, 7, 1, 5, 4, 3, 1, 5, 1, 1, 5, 1, 1, 5, 8, 3, 5, 1, 8]
Data after sorted :
[1, 1, 1, 1, 1, 1, 1, 1, 1, 1, 1, 1, 1, 1, 1, 1, 1, 1, 1, 1, 2, 3, 3, 3, 3, 3, 3, 3, 3, 3, 3, 4, 4, 4, 4, 5, 5, 5, 5, 5, 5, 5, 5, 5, 5, 5, 5, 5, 5, 5, 5, 6, 7, 7, 7, 7, 7, 7, 7, 8, 8, 8, 8, 8]
Execution Time : 
- 9108 nanoseconds
- 0.009108 milliseconds
- 9.108E-6 seconds
