File Name :caseF#5_1.in
Sort Algorithm Name : Shell_Sort
Total of data : 256
Data Before Sorted :
[5, 4, 9, 1, 14, 11, 1, 9, 13, 14, 11, 9, 7, 15, 5, 1, 9, 4, 1, 5, 9, 15, 1, 1, 16, 7, 9, 10, 16, 9, 5, 11, 13, 15, 13, 1, 8, 13, 7, 10, 9, 5, 1, 11, 10, 2, 13, 1, 15, 14, 13, 3, 8, 12, 5, 16, 5, 3, 14, 3, 5, 9, 13, 10, 14, 1, 1, 3, 4, 5, 1, 5, 14, 3, 7, 15, 1, 6, 12, 1, 10, 7, 7, 10, 4, 16, 5, 10, 13, 2, 3, 1, 9, 15, 14, 15, 1, 13, 7, 2, 1, 15, 15, 1, 11, 9, 5, 9, 1, 9, 15, 8, 13, 15, 15, 15, 1, 5, 13, 11, 9, 6, 1, 13, 3, 6, 13, 7, 9, 2, 9, 15, 1, 9, 6, 15, 1, 5, 3, 6, 7, 2, 10, 3, 5, 16, 9, 13, 16, 5, 3, 1, 1, 7, 3, 1, 7, 3, 13, 8, 1, 6, 5, 8, 16, 1, 1, 5, 10, 15, 11, 15, 13, 11, 4, 10, 7, 12, 9, 14, 13, 9, 1, 7, 3, 7, 2, 3, 12, 4, 11, 11, 2, 9, 13, 11, 9, 13, 16, 13, 9, 9, 10, 11, 1, 13, 5, 8, 9, 9, 5, 5, 1, 4, 1, 1, 9, 14, 7, 10, 3, 14, 11, 1, 1, 3, 1, 5, 1, 1, 6, 12, 1, 3, 5, 3, 4, 9, 1, 14, 4, 10, 11, 15, 8, 2, 9, 13, 11, 11, 13, 1, 6, 11, 7, 1]
Data after sorted :
[1, 1, 1, 1, 1, 1, 1, 1, 1, 1, 1, 1, 1, 1, 1, 1, 1, 1, 1, 1, 1, 1, 1, 1, 1, 1, 1, 1, 1, 1, 1, 1, 1, 1, 1, 1, 1, 1, 1, 1, 1, 1, 1, 2, 2, 2, 2, 2, 2, 2, 2, 3, 3, 3, 3, 3, 3, 3, 3, 3, 3, 3, 3, 3, 3, 3, 3, 3, 3, 4, 4, 4, 4, 4, 4, 4, 4, 4, 5, 5, 5, 5, 5, 5, 5, 5, 5, 5, 5, 5, 5, 5, 5, 5, 5, 5, 5, 5, 5, 5, 5, 6, 6, 6, 6, 6, 6, 6, 6, 7, 7, 7, 7, 7, 7, 7, 7, 7, 7, 7, 7, 7, 7, 7, 7, 8, 8, 8, 8, 8, 8, 8, 9, 9, 9, 9, 9, 9, 9, 9, 9, 9, 9, 9, 9, 9, 9, 9, 9, 9, 9, 9, 9, 9, 9, 9, 9, 9, 9, 9, 9, 10, 10, 10, 10, 10, 10, 10, 10, 10, 10, 10, 10, 10, 11, 11, 11, 11, 11, 11, 11, 11, 11, 11, 11, 11, 11, 11, 11, 11, 11, 12, 12, 12, 12, 12, 13, 13, 13, 13, 13, 13, 13, 13, 13, 13, 13, 13, 13, 13, 13, 13, 13, 13, 13, 13, 13, 13, 13, 14, 14, 14, 14, 14, 14, 14, 14, 14, 14, 14, 15, 15, 15, 15, 15, 15, 15, 15, 15, 15, 15, 15, 15, 15, 15, 15, 15, 15, 16, 16, 16, 16, 16, 16, 16, 16]
Execution Time : 
- 49179 nanoseconds
- 0.049179 milliseconds
- 4.9179E-5 seconds
