File Name :caseD#5_6.in
Sort Algorithm Name : Shell_Sort
Total of data : 256
Data Before Sorted :
[169, 335, 879, 909, 945, 1197, 1230, 1403, 2389, 2796, 2881, 3085, 3570, 3945, 4005, 4265, 4386, 4749, 5105, 5225, 5647, 5777, 5953, 6226, 6269, 6569, 6653, 7061, 7705, 8166, 8409, 8480, 8485, 9023, 9034, 9125, 9136, 9199, 9524, 9717, 9729, 10009, 10032, 10591, 10677, 10841, 10973, 11258, 11692, 11801, 11917, 12129, 13034, 13519, 13655, 13685, 14349, 14535, 14584, 15529, 16349, 16669, 16873, 17178, 17231, 17444, 17488, 17887, 18179, 18661, 18877, 19097, 19140, 19401, 19752, 19809, 19847, 19888, 20083, 20410, 20747, 20794, 21661, 21748, 21758, 21920, 22033, 22487, 22575, 23397, 23713, 23903, 24054, 24611, 24639, 24883, 24941, 25193, 25225, 25537, 25953, 25979, 26063, 26076, 26369, 26828, 27129, 27352, 27549, 27623, 28029, 29793, 29816, 29944, 30241, 30455, 30893, 31057, 31153, 31553, 31565, 31591, 31617, 31953, 31978, 32268, 32273, 33305, 33615, 34113, 34241, 34285, 34297, 34497, 34569, 36093, 36150, 36421, 37462, 37663, 38337, 38373, 38500, 38575, 39041, 39220, 39357, 39621, 39869, 40531, 40723, 40845, 42081, 42154, 42925, 43141, 43241, 43345, 43912, 43995, 44409, 44940, 44993, 45345, 45417, 45490, 45606, 45764, 45865, 45876, 45921, 46341, 46393, 47045, 47316, 47419, 47437, 47571, 47671, 47961, 48193, 48321, 49595, 49747, 49951, 50254, 50785, 50942, 51050, 51245, 51289, 51345, 52067, 52550, 52670, 52793, 52831, 53276, 53431, 53600, 53713, 53749, 54241, 54245, 54622, 54629, 54849, 55245, 56382, 56479, 56563, 56577, 56787, 56915, 57395, 58279, 58307, 58432, 58597, 58741, 59109, 59217, 59621, 59689, 59733, 59813, 59825, 59869, 60158, 60544, 60870, 61152, 61185, 61459, 61759, 62213, 62786, 62887, 62891, 63297, 63412, 63496, 63537, 63803, 63833, 64177, 64368, 64474, 64503, 64626, 64744, 64943, 65383, 15672, 14332, 22753]
Data after sorted :
[169, 335, 879, 909, 945, 1197, 1230, 1403, 2389, 2796, 2881, 3085, 3570, 3945, 4005, 4265, 4386, 4749, 5105, 5225, 5647, 5777, 5953, 6226, 6269, 6569, 6653, 7061, 7705, 8166, 8409, 8480, 8485, 9023, 9034, 9125, 9136, 9199, 9524, 9717, 9729, 10009, 10032, 10591, 10677, 10841, 10973, 11258, 11692, 11801, 11917, 12129, 13034, 13519, 13655, 13685, 14332, 14349, 14535, 14584, 15529, 15672, 16349, 16669, 16873, 17178, 17231, 17444, 17488, 17887, 18179, 18661, 18877, 19097, 19140, 19401, 19752, 19809, 19847, 19888, 20083, 20410, 20747, 20794, 21661, 21748, 21758, 21920, 22033, 22487, 22575, 22753, 23397, 23713, 23903, 24054, 24611, 24639, 24883, 24941, 25193, 25225, 25537, 25953, 25979, 26063, 26076, 26369, 26828, 27129, 27352, 27549, 27623, 28029, 29793, 29816, 29944, 30241, 30455, 30893, 31057, 31153, 31553, 31565, 31591, 31617, 31953, 31978, 32268, 32273, 33305, 33615, 34113, 34241, 34285, 34297, 34497, 34569, 36093, 36150, 36421, 37462, 37663, 38337, 38373, 38500, 38575, 39041, 39220, 39357, 39621, 39869, 40531, 40723, 40845, 42081, 42154, 42925, 43141, 43241, 43345, 43912, 43995, 44409, 44940, 44993, 45345, 45417, 45490, 45606, 45764, 45865, 45876, 45921, 46341, 46393, 47045, 47316, 47419, 47437, 47571, 47671, 47961, 48193, 48321, 49595, 49747, 49951, 50254, 50785, 50942, 51050, 51245, 51289, 51345, 52067, 52550, 52670, 52793, 52831, 53276, 53431, 53600, 53713, 53749, 54241, 54245, 54622, 54629, 54849, 55245, 56382, 56479, 56563, 56577, 56787, 56915, 57395, 58279, 58307, 58432, 58597, 58741, 59109, 59217, 59621, 59689, 59733, 59813, 59825, 59869, 60158, 60544, 60870, 61152, 61185, 61459, 61759, 62213, 62786, 62887, 62891, 63297, 63412, 63496, 63537, 63803, 63833, 64177, 64368, 64474, 64503, 64626, 64744, 64943, 65383]
Execution Time : 
- 11857 nanoseconds
- 0.011857 milliseconds
- 1.1857E-5 seconds
