File Name :caseE#4_9.in
Sort Algorithm Name : Shell_Sort
Data Before Sorted :
[17, 143, 545, 1329, 1609, 1618, 1623, 1683, 1737, 1800, 2082, 2137, 2203, 2377, 2622, 2775, 3269, 3506, 3517, 3635, 3721, 3845, 3999, 4137, 4186, 4213, 4337, 4550, 4615, 4949, 4981, 5010, 5393, 5521, 5767, 5818, 5825, 5897, 5915, 6509, 6584, 6622, 6635, 6749, 6884, 7398, 7865, 7892, 7901, 7915, 7974, 8238, 8273, 8410, 8497, 8513, 8699, 8867, 8870, 8943, 8960, 9415, 9563, 9667, 9704, 10069, 10245, 10265, 10320, 10337, 10469, 10483, 10551, 10769, 10993, 11005, 11047, 11147, 11425, 11609, 11616, 11713, 11793, 11809, 11817, 11881, 12017, 12046, 12393, 12461, 12553, 12745, 12765, 12834, 12857, 13225, 13313, 13565, 13649, 13731, 13773, 13833, 13985, 14145, 14395, 15081, 15099, 15103, 15161, 15585, 15778, 15791, 15937, 16021, 16378, 1777, 1146, 4433, 12961, 8849, 2537, 14467, 5279, 9336, 4473, 4082, 14407, 11225]
Data after sorted :
[17, 143, 545, 1146, 1329, 1609, 1618, 1623, 1683, 1737, 1777, 1800, 2082, 2137, 2203, 2377, 2537, 2622, 2775, 3269, 3506, 3517, 3635, 3721, 3845, 3999, 4082, 4137, 4186, 4213, 4337, 4433, 4473, 4550, 4615, 4949, 4981, 5010, 5279, 5393, 5521, 5767, 5818, 5825, 5897, 5915, 6509, 6584, 6622, 6635, 6749, 6884, 7398, 7865, 7892, 7901, 7915, 7974, 8238, 8273, 8410, 8497, 8513, 8699, 8849, 8867, 8870, 8943, 8960, 9336, 9415, 9563, 9667, 9704, 10069, 10245, 10265, 10320, 10337, 10469, 10483, 10551, 10769, 10993, 11005, 11047, 11147, 11225, 11425, 11609, 11616, 11713, 11793, 11809, 11817, 11881, 12017, 12046, 12393, 12461, 12553, 12745, 12765, 12834, 12857, 12961, 13225, 13313, 13565, 13649, 13731, 13773, 13833, 13985, 14145, 14395, 14407, 14467, 15081, 15099, 15103, 15161, 15585, 15778, 15791, 15937, 16021, 16378]
Execution Time : 
- 9459 nanoseconds
- 0.009459 milliseconds
- 9.459E-6 seconds
