File Name :caseB#3_5.in
Sort Algorithm Name : Shell_Sort
Total of data : 64
Data Before Sorted :
[33, 55, 89, 129, 185, 257, 329, 494, 508, 538, 545, 577, 706, 730, 759, 833, 853, 885, 919, 934, 959, 1029, 1033, 1061, 1096, 1130, 1211, 1546, 1586, 1593, 1665, 1733, 1741, 1910, 2076, 2109, 2153, 2177, 2189, 2193, 2203, 2253, 2262, 2320, 2625, 2748, 2999, 3033, 3067, 3077, 3161, 3201, 3301, 3357, 3554, 3610, 3759, 3777, 3803, 3809, 3826, 3857, 3929, 3931]
Data after sorted :
[33, 55, 89, 129, 185, 257, 329, 494, 508, 538, 545, 577, 706, 730, 759, 833, 853, 885, 919, 934, 959, 1029, 1033, 1061, 1096, 1130, 1211, 1546, 1586, 1593, 1665, 1733, 1741, 1910, 2076, 2109, 2153, 2177, 2189, 2193, 2203, 2253, 2262, 2320, 2625, 2748, 2999, 3033, 3067, 3077, 3161, 3201, 3301, 3357, 3554, 3610, 3759, 3777, 3803, 3809, 3826, 3857, 3929, 3931]
Execution Time : 
- 3185 nanoseconds
- 0.003185 milliseconds
- 3.185E-6 seconds
