File Name :caseD#4_10.in
Sort Algorithm Name : Shell_Sort
Total of data : 128
Data Before Sorted :
[262, 321, 382, 393, 571, 681, 765, 794, 810, 868, 1015, 1057, 1081, 1089, 1356, 1387, 1401, 1461, 1849, 1903, 2049, 2169, 2353, 2448, 2468, 2518, 2593, 2727, 2741, 2928, 2993, 3048, 3073, 3169, 3223, 3273, 3300, 3396, 3905, 4499, 4518, 4545, 4629, 4728, 4919, 5024, 5251, 5271, 5389, 5555, 5631, 5665, 5913, 6129, 6331, 6647, 6751, 7009, 7177, 7217, 7325, 7667, 7721, 7739, 8129, 8177, 8229, 8414, 8423, 8603, 8638, 8851, 9359, 9473, 9724, 9802, 9843, 10057, 10131, 10307, 10627, 10647, 10649, 10745, 10783, 11036, 11098, 11261, 11265, 11268, 11462, 11507, 11769, 12191, 12237, 12386, 12459, 12664, 12718, 13050, 13083, 13185, 13201, 13421, 13750, 13895, 13958, 13967, 14103, 14291, 14377, 14408, 14495, 14676, 14689, 15337, 15361, 15419, 15547, 15721, 15839, 15955, 16026, 16157, 16337, 1946, 11141, 15355]
Data after sorted :
[262, 321, 382, 393, 571, 681, 765, 794, 810, 868, 1015, 1057, 1081, 1089, 1356, 1387, 1401, 1461, 1849, 1903, 1946, 2049, 2169, 2353, 2448, 2468, 2518, 2593, 2727, 2741, 2928, 2993, 3048, 3073, 3169, 3223, 3273, 3300, 3396, 3905, 4499, 4518, 4545, 4629, 4728, 4919, 5024, 5251, 5271, 5389, 5555, 5631, 5665, 5913, 6129, 6331, 6647, 6751, 7009, 7177, 7217, 7325, 7667, 7721, 7739, 8129, 8177, 8229, 8414, 8423, 8603, 8638, 8851, 9359, 9473, 9724, 9802, 9843, 10057, 10131, 10307, 10627, 10647, 10649, 10745, 10783, 11036, 11098, 11141, 11261, 11265, 11268, 11462, 11507, 11769, 12191, 12237, 12386, 12459, 12664, 12718, 13050, 13083, 13185, 13201, 13421, 13750, 13895, 13958, 13967, 14103, 14291, 14377, 14408, 14495, 14676, 14689, 15337, 15355, 15361, 15419, 15547, 15721, 15839, 15955, 16026, 16157, 16337]
Execution Time : 
- 7166 nanoseconds
- 0.007166 milliseconds
- 7.166E-6 seconds
