File Name :caseD#3_1.in
Sort Algorithm Name : Shell_Sort
Data Before Sorted :
[49, 165, 233, 266, 281, 294, 441, 465, 466, 687, 693, 703, 872, 957, 1033, 1201, 1217, 1513, 1553, 1571, 1661, 1685, 1763, 1969, 1987, 2017, 2051, 2117, 2141, 2209, 2267, 2338, 2633, 2664, 2689, 2737, 2899, 2900, 2901, 2993, 3073, 3089, 3193, 3205, 3321, 3507, 3551, 3596, 3600, 3643, 3683, 3727, 3785, 3789, 3859, 3909, 3937, 3960, 3967, 4013, 4085, 1494, 867, 1785]
Data after sorted :
[49, 165, 233, 266, 281, 294, 441, 465, 466, 687, 693, 703, 867, 872, 957, 1033, 1201, 1217, 1494, 1513, 1553, 1571, 1661, 1685, 1763, 1785, 1969, 1987, 2017, 2051, 2117, 2141, 2209, 2267, 2338, 2633, 2664, 2689, 2737, 2899, 2900, 2901, 2993, 3073, 3089, 3193, 3205, 3321, 3507, 3551, 3596, 3600, 3643, 3683, 3727, 3785, 3789, 3859, 3909, 3937, 3960, 3967, 4013, 4085]
Execution Time : 
- 4444 nanoseconds
- 0.004444 milliseconds
- 4.444E-6 seconds
