File Name :caseD#2_10.in
Sort Algorithm Name : Shell_Sort
Total of data : 32
Data Before Sorted :
[100, 176, 233, 251, 333, 382, 413, 449, 481, 493, 577, 613, 648, 657, 665, 693, 708, 726, 735, 783, 785, 805, 807, 865, 895, 953, 957, 989, 993, 306, 485, 436]
Data after sorted :
[100, 176, 233, 251, 306, 333, 382, 413, 436, 449, 481, 485, 493, 577, 613, 648, 657, 665, 693, 708, 726, 735, 783, 785, 805, 807, 865, 895, 953, 957, 989, 993]
Execution Time : 
- 2795 nanoseconds
- 0.002795 milliseconds
- 2.7950000000000003E-6 seconds
