File Name :caseE#3_5.in
Sort Algorithm Name : Shell_Sort
Total of data : 64
Data Before Sorted :
[84, 117, 178, 243, 253, 291, 299, 303, 450, 469, 546, 667, 701, 789, 960, 969, 1025, 1087, 1089, 1179, 1297, 1315, 1366, 1381, 1513, 1517, 1553, 1573, 1651, 1667, 1693, 1703, 1739, 1801, 1993, 2120, 2161, 2168, 2225, 2233, 2257, 2302, 2418, 2475, 2671, 2697, 2742, 2777, 2871, 2881, 2977, 3073, 3351, 3472, 3601, 3695, 3795, 3924, 1617, 3411, 3765, 307, 424, 2385]
Data after sorted :
[84, 117, 178, 243, 253, 291, 299, 303, 307, 424, 450, 469, 546, 667, 701, 789, 960, 969, 1025, 1087, 1089, 1179, 1297, 1315, 1366, 1381, 1513, 1517, 1553, 1573, 1617, 1651, 1667, 1693, 1703, 1739, 1801, 1993, 2120, 2161, 2168, 2225, 2233, 2257, 2302, 2385, 2418, 2475, 2671, 2697, 2742, 2777, 2871, 2881, 2977, 3073, 3351, 3411, 3472, 3601, 3695, 3765, 3795, 3924]
Execution Time : 
- 4495 nanoseconds
- 0.004495 milliseconds
- 4.495E-6 seconds
