File Name :caseC#5_8.in
Sort Algorithm Name : Shell_Sort
Total of data : 256
Data Before Sorted :
[65418, 65081, 65077, 64989, 64814, 64730, 64634, 63677, 63415, 63329, 62971, 62926, 62881, 62825, 62749, 62273, 62237, 62199, 62017, 61595, 61557, 61437, 60769, 60749, 60737, 60338, 60315, 59984, 59625, 59526, 59137, 59063, 58694, 58020, 57960, 57837, 57751, 57345, 57181, 57171, 57120, 56585, 56121, 55735, 54854, 54453, 54297, 52901, 52680, 52386, 51861, 51566, 51283, 50721, 50537, 50293, 50201, 50113, 50038, 49649, 48915, 48653, 48625, 48529, 48191, 47873, 47857, 47827, 47104, 47001, 46975, 45981, 45561, 45263, 45181, 45048, 44997, 44884, 44425, 44413, 44409, 44158, 44153, 44095, 43852, 43820, 43437, 43371, 43277, 43041, 42737, 42457, 42083, 41700, 41537, 41086, 40919, 40895, 40439, 40152, 40091, 40057, 39805, 39751, 39492, 38596, 38548, 38401, 38042, 37555, 37265, 36929, 36705, 36681, 36497, 36097, 36029, 35855, 35844, 35752, 35729, 35579, 35187, 34957, 34765, 34549, 34293, 33217, 32829, 32239, 31777, 31745, 31718, 31137, 31015, 29977, 29848, 29600, 29293, 29113, 28537, 28033, 27953, 27863, 27837, 26525, 26317, 26104, 25691, 25315, 25249, 25239, 25105, 25053, 25050, 24946, 24625, 24538, 24369, 24349, 24326, 24226, 24021, 23068, 22899, 22873, 22483, 22458, 21961, 21861, 21621, 21425, 21092, 20923, 20735, 20718, 19969, 19952, 19673, 19457, 19093, 18969, 18597, 18403, 18324, 18017, 17047, 16991, 16925, 16883, 16689, 15047, 14729, 14451, 14429, 14411, 14389, 14352, 14345, 14200, 14110, 13909, 13527, 12717, 12177, 12041, 11905, 11885, 11761, 11313, 11197, 11183, 10218, 10153, 9911, 9468, 9195, 8967, 8927, 8825, 8705, 8193, 8128, 8033, 7722, 7710, 7062, 6689, 6457, 6399, 6209, 6027, 5823, 5741, 5045, 4895, 4789, 4361, 4150, 3959, 3708, 3567, 3485, 3449, 3122, 2491, 1925, 1755, 1697, 1693, 1577, 905, 713, 573, 421, 70]
Data after sorted :
[70, 421, 573, 713, 905, 1577, 1693, 1697, 1755, 1925, 2491, 3122, 3449, 3485, 3567, 3708, 3959, 4150, 4361, 4789, 4895, 5045, 5741, 5823, 6027, 6209, 6399, 6457, 6689, 7062, 7710, 7722, 8033, 8128, 8193, 8705, 8825, 8927, 8967, 9195, 9468, 9911, 10153, 10218, 11183, 11197, 11313, 11761, 11885, 11905, 12041, 12177, 12717, 13527, 13909, 14110, 14200, 14345, 14352, 14389, 14411, 14429, 14451, 14729, 15047, 16689, 16883, 16925, 16991, 17047, 18017, 18324, 18403, 18597, 18969, 19093, 19457, 19673, 19952, 19969, 20718, 20735, 20923, 21092, 21425, 21621, 21861, 21961, 22458, 22483, 22873, 22899, 23068, 24021, 24226, 24326, 24349, 24369, 24538, 24625, 24946, 25050, 25053, 25105, 25239, 25249, 25315, 25691, 26104, 26317, 26525, 27837, 27863, 27953, 28033, 28537, 29113, 29293, 29600, 29848, 29977, 31015, 31137, 31718, 31745, 31777, 32239, 32829, 33217, 34293, 34549, 34765, 34957, 35187, 35579, 35729, 35752, 35844, 35855, 36029, 36097, 36497, 36681, 36705, 36929, 37265, 37555, 38042, 38401, 38548, 38596, 39492, 39751, 39805, 40057, 40091, 40152, 40439, 40895, 40919, 41086, 41537, 41700, 42083, 42457, 42737, 43041, 43277, 43371, 43437, 43820, 43852, 44095, 44153, 44158, 44409, 44413, 44425, 44884, 44997, 45048, 45181, 45263, 45561, 45981, 46975, 47001, 47104, 47827, 47857, 47873, 48191, 48529, 48625, 48653, 48915, 49649, 50038, 50113, 50201, 50293, 50537, 50721, 51283, 51566, 51861, 52386, 52680, 52901, 54297, 54453, 54854, 55735, 56121, 56585, 57120, 57171, 57181, 57345, 57751, 57837, 57960, 58020, 58694, 59063, 59137, 59526, 59625, 59984, 60315, 60338, 60737, 60749, 60769, 61437, 61557, 61595, 62017, 62199, 62237, 62273, 62749, 62825, 62881, 62926, 62971, 63329, 63415, 63677, 64634, 64730, 64814, 64989, 65077, 65081, 65418]
Execution Time : 
- 14016 nanoseconds
- 0.014016 milliseconds
- 1.4016000000000001E-5 seconds
