File Name :caseE#3_8.in
Sort Algorithm Name : Shell_Sort
Data Before Sorted :
[6, 55, 129, 147, 177, 425, 459, 553, 691, 733, 954, 1025, 1043, 1117, 1201, 1217, 1299, 1309, 1417, 1431, 1615, 1666, 1710, 1744, 1825, 1971, 2041, 2049, 2077, 2090, 2132, 2193, 2209, 2217, 2227, 2462, 2463, 2491, 2622, 2681, 2694, 2721, 2723, 2848, 2849, 2877, 2881, 2889, 2927, 3054, 3198, 3221, 3329, 3465, 3813, 3815, 4005, 4085, 871, 4059, 1837, 703, 644, 1145]
Data after sorted :
[6, 55, 129, 147, 177, 425, 459, 553, 644, 691, 703, 733, 871, 954, 1025, 1043, 1117, 1145, 1201, 1217, 1299, 1309, 1417, 1431, 1615, 1666, 1710, 1744, 1825, 1837, 1971, 2041, 2049, 2077, 2090, 2132, 2193, 2209, 2217, 2227, 2462, 2463, 2491, 2622, 2681, 2694, 2721, 2723, 2848, 2849, 2877, 2881, 2889, 2927, 3054, 3198, 3221, 3329, 3465, 3813, 3815, 4005, 4059, 4085]
Execution Time : 
- 4109 nanoseconds
- 0.004109 milliseconds
- 4.109E-6 seconds
