File Name :caseF#5_6.in
Sort Algorithm Name : Shell_Sort
Total of data : 256
Data Before Sorted :
[9, 7, 7, 3, 15, 6, 9, 9, 11, 5, 15, 1, 13, 3, 5, 2, 2, 11, 9, 13, 16, 9, 1, 1, 5, 14, 3, 1, 14, 5, 1, 13, 9, 1, 13, 13, 13, 9, 9, 1, 7, 14, 4, 9, 1, 8, 9, 7, 6, 1, 1, 9, 2, 1, 13, 1, 9, 9, 11, 9, 5, 7, 9, 1, 10, 1, 5, 11, 8, 1, 2, 8, 1, 2, 11, 2, 1, 7, 1, 13, 1, 9, 10, 1, 6, 16, 3, 10, 14, 1, 7, 11, 3, 15, 9, 3, 9, 1, 15, 9, 11, 10, 1, 10, 1, 1, 1, 9, 3, 15, 8, 9, 2, 7, 9, 3, 10, 5, 13, 9, 7, 5, 16, 7, 1, 5, 16, 3, 7, 15, 9, 1, 13, 1, 4, 9, 12, 11, 11, 8, 16, 13, 5, 15, 1, 9, 4, 10, 1, 15, 6, 15, 12, 11, 16, 13, 3, 13, 8, 11, 5, 16, 9, 7, 1, 1, 9, 16, 13, 1, 13, 9, 1, 11, 1, 11, 7, 9, 11, 5, 14, 4, 5, 9, 13, 1, 8, 1, 11, 1, 13, 7, 6, 13, 9, 14, 3, 16, 13, 4, 5, 14, 5, 1, 5, 1, 5, 8, 11, 1, 1, 5, 7, 10, 11, 1, 13, 14, 11, 16, 1, 9, 16, 6, 8, 1, 14, 15, 1, 14, 9, 5, 9, 12, 1, 7, 11, 7, 13, 15, 1, 7, 13, 5, 13, 5, 16, 10, 1, 12, 14, 9, 1, 2, 1, 13]
Data after sorted :
[1, 1, 1, 1, 1, 1, 1, 1, 1, 1, 1, 1, 1, 1, 1, 1, 1, 1, 1, 1, 1, 1, 1, 1, 1, 1, 1, 1, 1, 1, 1, 1, 1, 1, 1, 1, 1, 1, 1, 1, 1, 1, 1, 1, 1, 1, 1, 1, 1, 1, 1, 1, 2, 2, 2, 2, 2, 2, 2, 2, 3, 3, 3, 3, 3, 3, 3, 3, 3, 3, 3, 4, 4, 4, 4, 4, 5, 5, 5, 5, 5, 5, 5, 5, 5, 5, 5, 5, 5, 5, 5, 5, 5, 5, 5, 5, 5, 6, 6, 6, 6, 6, 6, 7, 7, 7, 7, 7, 7, 7, 7, 7, 7, 7, 7, 7, 7, 7, 7, 7, 7, 8, 8, 8, 8, 8, 8, 8, 8, 8, 9, 9, 9, 9, 9, 9, 9, 9, 9, 9, 9, 9, 9, 9, 9, 9, 9, 9, 9, 9, 9, 9, 9, 9, 9, 9, 9, 9, 9, 9, 9, 9, 9, 9, 9, 9, 10, 10, 10, 10, 10, 10, 10, 10, 10, 11, 11, 11, 11, 11, 11, 11, 11, 11, 11, 11, 11, 11, 11, 11, 11, 11, 11, 11, 12, 12, 12, 12, 13, 13, 13, 13, 13, 13, 13, 13, 13, 13, 13, 13, 13, 13, 13, 13, 13, 13, 13, 13, 13, 13, 13, 13, 14, 14, 14, 14, 14, 14, 14, 14, 14, 14, 14, 15, 15, 15, 15, 15, 15, 15, 15, 15, 15, 15, 16, 16, 16, 16, 16, 16, 16, 16, 16, 16, 16, 16]
Execution Time : 
- 47867 nanoseconds
- 0.047867 milliseconds
- 4.7867E-5 seconds
