File Name :caseE#5_8.in
Sort Algorithm Name : Shell_Sort
Data Before Sorted :
[417, 1233, 1909, 2338, 2943, 3321, 3528, 3745, 3804, 3923, 4079, 4286, 4469, 5022, 5145, 5555, 5581, 5585, 5633, 5858, 6549, 6596, 7251, 8121, 8273, 8669, 8693, 9377, 9427, 10497, 10653, 10849, 10873, 11335, 11515, 11601, 12021, 12673, 13479, 14055, 14173, 14295, 14349, 14721, 14849, 14944, 15299, 15387, 15881, 16013, 16081, 17365, 17642, 17789, 18787, 19108, 19153, 19201, 19579, 20455, 20473, 20484, 20489, 20693, 20790, 20863, 20974, 21338, 21345, 21369, 21561, 21773, 21790, 21901, 22089, 22643, 23081, 23197, 23483, 23653, 23791, 24383, 24689, 24877, 24935, 25209, 25341, 25504, 25537, 26517, 26897, 27517, 27569, 27723, 28014, 28679, 28873, 29135, 29909, 30250, 30465, 30522, 30724, 31213, 31345, 31651, 31687, 31865, 31929, 32219, 32385, 32643, 33484, 33704, 33917, 33941, 34259, 34681, 35157, 35345, 35376, 35609, 35671, 35821, 36207, 37192, 37581, 38280, 38701, 39133, 39607, 39691, 39822, 39945, 39964, 40269, 40321, 40351, 40731, 41029, 41435, 41679, 41881, 41885, 42293, 42468, 42673, 42906, 43313, 43632, 43989, 44445, 44637, 44937, 45281, 45414, 45507, 45873, 46193, 46273, 46310, 46547, 47709, 47734, 48168, 48385, 48469, 48550, 48617, 48693, 49173, 49426, 49579, 49601, 49675, 49900, 50427, 50529, 50744, 50865, 50991, 51241, 51329, 51665, 51861, 51922, 52280, 53071, 54229, 54913, 55198, 55349, 55473, 55483, 55523, 55601, 55697, 55701, 55889, 55890, 55982, 56347, 56961, 57901, 58509, 58513, 58833, 58849, 59457, 59647, 59764, 60441, 61121, 61545, 61809, 61873, 62001, 62061, 62070, 62081, 62119, 62133, 62417, 62593, 63039, 63411, 64081, 64558, 64929, 65221, 56481, 41871, 44341, 14451, 5265, 58071, 37083, 23249, 1318, 11455, 44197, 8947, 65106, 27825, 13453, 45047, 24435, 23105, 53679, 654, 9733, 6020, 2733, 35423, 29871, 53365]
Data after sorted :
[417, 654, 1233, 1318, 1909, 2338, 2733, 2943, 3321, 3528, 3745, 3804, 3923, 4079, 4286, 4469, 5022, 5145, 5265, 5555, 5581, 5585, 5633, 5858, 6020, 6549, 6596, 7251, 8121, 8273, 8669, 8693, 8947, 9377, 9427, 9733, 10497, 10653, 10849, 10873, 11335, 11455, 11515, 11601, 12021, 12673, 13453, 13479, 14055, 14173, 14295, 14349, 14451, 14721, 14849, 14944, 15299, 15387, 15881, 16013, 16081, 17365, 17642, 17789, 18787, 19108, 19153, 19201, 19579, 20455, 20473, 20484, 20489, 20693, 20790, 20863, 20974, 21338, 21345, 21369, 21561, 21773, 21790, 21901, 22089, 22643, 23081, 23105, 23197, 23249, 23483, 23653, 23791, 24383, 24435, 24689, 24877, 24935, 25209, 25341, 25504, 25537, 26517, 26897, 27517, 27569, 27723, 27825, 28014, 28679, 28873, 29135, 29871, 29909, 30250, 30465, 30522, 30724, 31213, 31345, 31651, 31687, 31865, 31929, 32219, 32385, 32643, 33484, 33704, 33917, 33941, 34259, 34681, 35157, 35345, 35376, 35423, 35609, 35671, 35821, 36207, 37083, 37192, 37581, 38280, 38701, 39133, 39607, 39691, 39822, 39945, 39964, 40269, 40321, 40351, 40731, 41029, 41435, 41679, 41871, 41881, 41885, 42293, 42468, 42673, 42906, 43313, 43632, 43989, 44197, 44341, 44445, 44637, 44937, 45047, 45281, 45414, 45507, 45873, 46193, 46273, 46310, 46547, 47709, 47734, 48168, 48385, 48469, 48550, 48617, 48693, 49173, 49426, 49579, 49601, 49675, 49900, 50427, 50529, 50744, 50865, 50991, 51241, 51329, 51665, 51861, 51922, 52280, 53071, 53365, 53679, 54229, 54913, 55198, 55349, 55473, 55483, 55523, 55601, 55697, 55701, 55889, 55890, 55982, 56347, 56481, 56961, 57901, 58071, 58509, 58513, 58833, 58849, 59457, 59647, 59764, 60441, 61121, 61545, 61809, 61873, 62001, 62061, 62070, 62081, 62119, 62133, 62417, 62593, 63039, 63411, 64081, 64558, 64929, 65106, 65221]
Execution Time : 
- 17487 nanoseconds
- 0.017487 milliseconds
- 1.7487E-5 seconds
