File Name :caseF#4_4.in
Sort Algorithm Name : Shell_Sort
Data Before Sorted :
[8, 8, 11, 4, 11, 4, 5, 1, 8, 1, 1, 8, 2, 8, 9, 11, 2, 3, 5, 2, 4, 4, 4, 2, 6, 1, 10, 7, 3, 5, 2, 10, 9, 8, 7, 1, 1, 7, 8, 10, 1, 6, 3, 6, 8, 9, 2, 5, 4, 1, 9, 7, 11, 2, 5, 7, 6, 1, 9, 6, 7, 6, 10, 2, 7, 1, 8, 11, 8, 9, 7, 4, 11, 1, 9, 1, 3, 11, 9, 6, 8, 9, 1, 7, 1, 8, 3, 8, 3, 1, 4, 1, 11, 6, 11, 11, 3, 2, 8, 8, 1, 6, 3, 2, 7, 8, 1, 1, 1, 10, 10, 11, 7, 1, 5, 8, 3, 8, 6, 4, 8, 1, 6, 1, 7, 10, 1, 3]
Data after sorted :
[1, 1, 1, 1, 1, 1, 1, 1, 1, 1, 1, 1, 1, 1, 1, 1, 1, 1, 1, 1, 1, 1, 1, 1, 2, 2, 2, 2, 2, 2, 2, 2, 2, 2, 3, 3, 3, 3, 3, 3, 3, 3, 3, 3, 4, 4, 4, 4, 4, 4, 4, 4, 4, 5, 5, 5, 5, 5, 5, 6, 6, 6, 6, 6, 6, 6, 6, 6, 6, 6, 7, 7, 7, 7, 7, 7, 7, 7, 7, 7, 7, 7, 8, 8, 8, 8, 8, 8, 8, 8, 8, 8, 8, 8, 8, 8, 8, 8, 8, 8, 8, 9, 9, 9, 9, 9, 9, 9, 9, 9, 10, 10, 10, 10, 10, 10, 10, 11, 11, 11, 11, 11, 11, 11, 11, 11, 11, 11]
Execution Time : 
- 19462 nanoseconds
- 0.019462 milliseconds
- 1.9462E-5 seconds
