File Name :caseC#3_7.in
Sort Algorithm Name : Shell_Sort
Total of data : 64
Data Before Sorted :
[4089, 4079, 4073, 4033, 3881, 3857, 3815, 3793, 3711, 3709, 3683, 3402, 3293, 3112, 3093, 3056, 2989, 2927, 2803, 2784, 2748, 2657, 2503, 2433, 2333, 2319, 2241, 2221, 2068, 1925, 1838, 1739, 1684, 1575, 1567, 1537, 1381, 1349, 1319, 1119, 1117, 1089, 981, 980, 925, 897, 889, 849, 807, 713, 652, 602, 545, 537, 517, 505, 491, 461, 453, 451, 361, 263, 257, 89]
Data after sorted :
[89, 257, 263, 361, 451, 453, 461, 491, 505, 517, 537, 545, 602, 652, 713, 807, 849, 889, 897, 925, 980, 981, 1089, 1117, 1119, 1319, 1349, 1381, 1537, 1567, 1575, 1684, 1739, 1838, 1925, 2068, 2221, 2241, 2319, 2333, 2433, 2503, 2657, 2748, 2784, 2803, 2927, 2989, 3056, 3093, 3112, 3293, 3402, 3683, 3709, 3711, 3793, 3815, 3857, 3881, 4033, 4073, 4079, 4089]
Execution Time : 
- 4089 nanoseconds
- 0.004089 milliseconds
- 4.089E-6 seconds
