File Name :caseD#4_5.in
Sort Algorithm Name : Shell_Sort
Data Before Sorted :
[131, 204, 215, 449, 489, 621, 729, 1085, 1173, 1208, 1245, 1729, 1734, 1807, 1844, 1989, 2048, 2049, 2069, 2072, 2478, 2595, 2785, 3465, 3633, 3925, 3929, 4101, 4134, 4201, 4417, 4651, 5055, 5152, 5209, 5231, 5233, 5357, 5387, 5502, 5513, 5790, 5921, 6025, 6221, 6234, 6409, 6553, 6575, 6833, 7013, 7217, 7367, 7535, 7681, 7706, 7835, 7905, 7923, 8005, 8185, 8213, 8577, 8646, 8828, 9199, 9248, 9326, 9477, 9533, 9729, 9857, 9978, 10001, 10321, 10571, 10630, 10664, 10878, 10956, 11064, 11216, 11439, 11489, 11708, 11897, 12167, 12413, 12449, 12608, 12677, 12710, 12781, 12905, 13001, 13011, 13047, 13075, 13261, 13313, 13325, 13443, 13625, 13761, 13781, 13818, 13893, 14281, 14543, 14603, 14604, 14744, 14799, 14881, 15159, 15165, 15169, 15189, 15269, 15279, 15719, 15727, 15837, 16010, 16077, 8054, 13825, 3309]
Data after sorted :
[131, 204, 215, 449, 489, 621, 729, 1085, 1173, 1208, 1245, 1729, 1734, 1807, 1844, 1989, 2048, 2049, 2069, 2072, 2478, 2595, 2785, 3309, 3465, 3633, 3925, 3929, 4101, 4134, 4201, 4417, 4651, 5055, 5152, 5209, 5231, 5233, 5357, 5387, 5502, 5513, 5790, 5921, 6025, 6221, 6234, 6409, 6553, 6575, 6833, 7013, 7217, 7367, 7535, 7681, 7706, 7835, 7905, 7923, 8005, 8054, 8185, 8213, 8577, 8646, 8828, 9199, 9248, 9326, 9477, 9533, 9729, 9857, 9978, 10001, 10321, 10571, 10630, 10664, 10878, 10956, 11064, 11216, 11439, 11489, 11708, 11897, 12167, 12413, 12449, 12608, 12677, 12710, 12781, 12905, 13001, 13011, 13047, 13075, 13261, 13313, 13325, 13443, 13625, 13761, 13781, 13818, 13825, 13893, 14281, 14543, 14603, 14604, 14744, 14799, 14881, 15159, 15165, 15169, 15189, 15269, 15279, 15719, 15727, 15837, 16010, 16077]
Execution Time : 
- 6344 nanoseconds
- 0.006344 milliseconds
- 6.344E-6 seconds
