File Name :caseA#5_5.in
Sort Algorithm Name : Shell_Sort
Total of data : 256
Data Before Sorted :
[50073, 7197, 3473, 11519, 25548, 25149, 37219, 44309, 4117, 2299, 6093, 11545, 42144, 7105, 32693, 37053, 18042, 45511, 35877, 28632, 63964, 30985, 1817, 12029, 30269, 31689, 23417, 1346, 60976, 32013, 3284, 12033, 3348, 15953, 28479, 41791, 31417, 11246, 10133, 11745, 64177, 1351, 35111, 33960, 63257, 22154, 55503, 39797, 44363, 51593, 60784, 38955, 509, 61863, 13853, 5703, 9241, 49044, 12285, 12453, 42857, 13057, 56389, 19265, 56595, 417, 36441, 55845, 9345, 5530, 47021, 6945, 54407, 14524, 8937, 52943, 11269, 56835, 3594, 51552, 2349, 38873, 23692, 62755, 62465, 35133, 13889, 28383, 35017, 4509, 9351, 48751, 49421, 46373, 54353, 47086, 55353, 56996, 10319, 20689, 53221, 42579, 61047, 38582, 46605, 11977, 9249, 62509, 50599, 39624, 8897, 34907, 15389, 65237, 31489, 21797, 60291, 1613, 65512, 5627, 35698, 35353, 56373, 51049, 53249, 25773, 35425, 47103, 16473, 52257, 32941, 39353, 62739, 42497, 31813, 39695, 28709, 63801, 29279, 11481, 42481, 53865, 58693, 6530, 30617, 14529, 56716, 68, 17178, 30511, 28051, 36267, 62801, 25381, 24151, 54950, 63361, 14971, 30412, 31455, 58323, 3383, 24369, 12921, 6865, 16573, 49316, 55183, 18115, 8851, 30314, 33165, 34849, 57621, 10857, 54662, 34674, 19185, 24583, 40843, 54686, 34091, 13646, 35569, 17787, 35308, 62221, 38077, 4200, 31015, 7101, 25638, 24917, 61216, 12985, 61833, 10753, 58460, 35945, 40856, 11206, 14698, 26261, 6941, 15858, 44707, 28145, 44849, 50810, 42259, 25687, 38701, 51137, 4625, 18433, 7581, 37031, 13641, 28479, 37631, 29687, 46425, 10703, 7299, 14874, 47278, 62251, 26805, 3159, 22711, 11440, 19529, 33293, 55651, 33897, 52769, 20221, 24110, 58786, 29170, 55333, 32289, 47367, 14393, 46769, 45043, 57369, 62791, 57625, 23351, 40643, 57608, 31801, 4853, 55593, 65233]
Data after sorted :
[68, 417, 509, 1346, 1351, 1613, 1817, 2299, 2349, 3159, 3284, 3348, 3383, 3473, 3594, 4117, 4200, 4509, 4625, 4853, 5530, 5627, 5703, 6093, 6530, 6865, 6941, 6945, 7101, 7105, 7197, 7299, 7581, 8851, 8897, 8937, 9241, 9249, 9345, 9351, 10133, 10319, 10703, 10753, 10857, 11206, 11246, 11269, 11440, 11481, 11519, 11545, 11745, 11977, 12029, 12033, 12285, 12453, 12921, 12985, 13057, 13641, 13646, 13853, 13889, 14393, 14524, 14529, 14698, 14874, 14971, 15389, 15858, 15953, 16473, 16573, 17178, 17787, 18042, 18115, 18433, 19185, 19265, 19529, 20221, 20689, 21797, 22154, 22711, 23351, 23417, 23692, 24110, 24151, 24369, 24583, 24917, 25149, 25381, 25548, 25638, 25687, 25773, 26261, 26805, 28051, 28145, 28383, 28479, 28479, 28632, 28709, 29170, 29279, 29687, 30269, 30314, 30412, 30511, 30617, 30985, 31015, 31417, 31455, 31489, 31689, 31801, 31813, 32013, 32289, 32693, 32941, 33165, 33293, 33897, 33960, 34091, 34674, 34849, 34907, 35017, 35111, 35133, 35308, 35353, 35425, 35569, 35698, 35877, 35945, 36267, 36441, 37031, 37053, 37219, 37631, 38077, 38582, 38701, 38873, 38955, 39353, 39624, 39695, 39797, 40643, 40843, 40856, 41791, 42144, 42259, 42481, 42497, 42579, 42857, 44309, 44363, 44707, 44849, 45043, 45511, 46373, 46425, 46605, 46769, 47021, 47086, 47103, 47278, 47367, 48751, 49044, 49316, 49421, 50073, 50599, 50810, 51049, 51137, 51552, 51593, 52257, 52769, 52943, 53221, 53249, 53865, 54353, 54407, 54662, 54686, 54950, 55183, 55333, 55353, 55503, 55593, 55651, 55845, 56373, 56389, 56595, 56716, 56835, 56996, 57369, 57608, 57621, 57625, 58323, 58460, 58693, 58786, 60291, 60784, 60976, 61047, 61216, 61833, 61863, 62221, 62251, 62465, 62509, 62739, 62755, 62791, 62801, 63257, 63361, 63801, 63964, 64177, 65233, 65237, 65512]
Execution Time : 
- 29932 nanoseconds
- 0.029932 milliseconds
- 2.9932E-5 seconds
