File Name :caseD#4_7.in
Sort Algorithm Name : Shell_Sort
Data Before Sorted :
[9, 53, 149, 257, 419, 483, 577, 670, 1157, 1317, 1457, 1521, 1639, 1796, 1879, 1905, 1937, 2125, 2175, 2281, 2577, 2693, 2860, 3009, 3018, 3025, 3235, 3370, 3663, 3741, 4035, 4285, 4379, 4505, 4564, 4577, 4603, 4729, 4921, 4965, 5203, 5270, 5505, 5592, 5662, 5921, 6032, 6105, 6337, 6432, 6505, 6509, 6611, 6625, 6825, 6859, 6905, 6993, 7329, 7552, 7744, 8065, 8071, 8105, 8166, 8281, 8345, 8705, 8733, 8929, 9333, 9403, 9639, 9818, 10297, 10581, 10713, 10747, 11178, 11276, 11301, 11693, 11856, 12067, 12273, 12386, 12502, 12697, 12865, 12897, 13047, 13053, 13073, 13149, 13217, 13237, 13326, 13369, 13401, 13487, 13641, 13787, 13973, 14015, 14457, 14478, 14647, 14816, 14833, 14929, 15028, 15077, 15142, 15237, 15361, 15437, 15518, 15531, 15718, 15753, 15759, 16071, 16081, 16163, 16297, 2737, 6367, 14178]
Data after sorted :
[9, 53, 149, 257, 419, 483, 577, 670, 1157, 1317, 1457, 1521, 1639, 1796, 1879, 1905, 1937, 2125, 2175, 2281, 2577, 2693, 2737, 2860, 3009, 3018, 3025, 3235, 3370, 3663, 3741, 4035, 4285, 4379, 4505, 4564, 4577, 4603, 4729, 4921, 4965, 5203, 5270, 5505, 5592, 5662, 5921, 6032, 6105, 6337, 6367, 6432, 6505, 6509, 6611, 6625, 6825, 6859, 6905, 6993, 7329, 7552, 7744, 8065, 8071, 8105, 8166, 8281, 8345, 8705, 8733, 8929, 9333, 9403, 9639, 9818, 10297, 10581, 10713, 10747, 11178, 11276, 11301, 11693, 11856, 12067, 12273, 12386, 12502, 12697, 12865, 12897, 13047, 13053, 13073, 13149, 13217, 13237, 13326, 13369, 13401, 13487, 13641, 13787, 13973, 14015, 14178, 14457, 14478, 14647, 14816, 14833, 14929, 15028, 15077, 15142, 15237, 15361, 15437, 15518, 15531, 15718, 15753, 15759, 16071, 16081, 16163, 16297]
Execution Time : 
- 6451 nanoseconds
- 0.006451 milliseconds
- 6.451E-6 seconds
