File Name :caseB#3_6.in
Sort Algorithm Name : Shell_Sort
Total of data : 64
Data Before Sorted :
[28, 30, 271, 288, 334, 363, 448, 529, 743, 845, 875, 981, 1031, 1043, 1089, 1321, 1338, 1361, 1377, 1425, 1489, 1617, 1671, 1683, 1697, 1757, 1801, 1812, 1818, 1825, 2017, 2170, 2187, 2450, 2451, 2497, 2606, 2660, 2676, 2707, 2859, 2905, 2943, 2977, 3062, 3114, 3158, 3161, 3169, 3185, 3223, 3269, 3441, 3469, 3528, 3660, 3755, 3801, 3809, 3838, 4009, 4053, 4070, 4089]
Data after sorted :
[28, 30, 271, 288, 334, 363, 448, 529, 743, 845, 875, 981, 1031, 1043, 1089, 1321, 1338, 1361, 1377, 1425, 1489, 1617, 1671, 1683, 1697, 1757, 1801, 1812, 1818, 1825, 2017, 2170, 2187, 2450, 2451, 2497, 2606, 2660, 2676, 2707, 2859, 2905, 2943, 2977, 3062, 3114, 3158, 3161, 3169, 3185, 3223, 3269, 3441, 3469, 3528, 3660, 3755, 3801, 3809, 3838, 4009, 4053, 4070, 4089]
Execution Time : 
- 3390 nanoseconds
- 0.00339 milliseconds
- 3.3899999999999997E-6 seconds
