File Name :caseE#4_6.in
Sort Algorithm Name : Shell_Sort
Total of data : 128
Data Before Sorted :
[51, 179, 187, 289, 421, 495, 681, 757, 779, 1041, 1156, 1214, 1563, 1593, 1669, 1701, 1717, 1733, 2521, 2567, 2592, 2596, 3050, 3065, 3325, 3375, 3378, 3547, 3681, 3783, 3875, 4417, 4556, 4559, 4593, 4708, 4780, 4971, 5255, 5277, 5377, 5417, 5525, 5569, 5745, 5995, 6071, 6097, 6395, 6487, 6621, 6667, 6733, 7009, 7061, 7167, 7287, 7487, 7513, 7792, 8184, 8190, 8417, 8556, 8711, 8899, 8904, 9037, 9269, 9275, 9569, 9961, 10122, 10141, 10167, 10298, 10440, 10609, 10679, 10895, 10913, 11267, 11313, 11483, 11796, 11838, 11995, 12239, 12645, 12823, 13020, 13322, 13348, 13503, 13716, 13820, 13969, 14259, 14387, 14389, 14667, 14721, 14893, 14898, 15017, 15121, 15142, 15327, 15540, 15594, 15705, 15946, 15967, 15995, 16279, 14149, 2873, 14385, 6333, 4733, 14001, 2850, 15591, 3361, 1023, 14147, 14721, 14945]
Data after sorted :
[51, 179, 187, 289, 421, 495, 681, 757, 779, 1023, 1041, 1156, 1214, 1563, 1593, 1669, 1701, 1717, 1733, 2521, 2567, 2592, 2596, 2850, 2873, 3050, 3065, 3325, 3361, 3375, 3378, 3547, 3681, 3783, 3875, 4417, 4556, 4559, 4593, 4708, 4733, 4780, 4971, 5255, 5277, 5377, 5417, 5525, 5569, 5745, 5995, 6071, 6097, 6333, 6395, 6487, 6621, 6667, 6733, 7009, 7061, 7167, 7287, 7487, 7513, 7792, 8184, 8190, 8417, 8556, 8711, 8899, 8904, 9037, 9269, 9275, 9569, 9961, 10122, 10141, 10167, 10298, 10440, 10609, 10679, 10895, 10913, 11267, 11313, 11483, 11796, 11838, 11995, 12239, 12645, 12823, 13020, 13322, 13348, 13503, 13716, 13820, 13969, 14001, 14147, 14149, 14259, 14385, 14387, 14389, 14667, 14721, 14721, 14893, 14898, 14945, 15017, 15121, 15142, 15327, 15540, 15591, 15594, 15705, 15946, 15967, 15995, 16279]
Execution Time : 
- 7501 nanoseconds
- 0.007501 milliseconds
- 7.501E-6 seconds
