File Name :caseE#2_3.in
Sort Algorithm Name : Shell_Sort
Data Before Sorted :
[43, 121, 139, 251, 255, 273, 309, 363, 397, 401, 417, 442, 453, 465, 517, 534, 546, 625, 641, 653, 657, 674, 676, 709, 737, 890, 903, 1003, 1017, 799, 611, 65]
Data after sorted :
[43, 65, 121, 139, 251, 255, 273, 309, 363, 397, 401, 417, 442, 453, 465, 517, 534, 546, 611, 625, 641, 653, 657, 674, 676, 709, 737, 799, 890, 903, 1003, 1017]
Execution Time : 
- 2682 nanoseconds
- 0.002682 milliseconds
- 2.682E-6 seconds
