File Name :caseD#4_2.in
Sort Algorithm Name : Shell_Sort
Data Before Sorted :
[398, 545, 560, 853, 907, 1009, 1237, 1326, 1535, 1661, 2033, 2188, 2207, 2279, 2513, 2521, 2530, 3165, 3448, 3477, 3641, 3961, 3981, 4049, 4145, 4247, 4449, 4641, 4713, 4942, 4977, 5023, 5173, 5181, 5452, 5673, 5692, 5953, 6069, 6229, 6257, 6621, 6632, 6673, 7069, 7101, 7105, 7433, 7513, 7600, 7698, 7841, 7861, 7949, 8097, 8226, 9189, 9273, 9291, 9395, 9397, 9522, 9559, 9790, 9848, 9877, 9929, 10012, 10015, 10177, 10235, 10416, 10649, 10685, 10792, 10929, 10965, 11188, 11355, 11379, 11541, 11555, 11689, 11735, 11998, 12060, 12099, 12414, 12417, 12852, 12889, 12967, 13043, 13046, 13185, 13285, 13321, 13467, 13595, 13621, 13785, 13874, 13909, 14075, 14181, 14217, 14519, 14528, 14653, 14697, 14802, 14849, 14894, 14929, 14987, 15027, 15041, 15167, 15321, 15348, 15409, 15603, 15921, 16004, 16251, 14865, 10099, 5214]
Data after sorted :
[398, 545, 560, 853, 907, 1009, 1237, 1326, 1535, 1661, 2033, 2188, 2207, 2279, 2513, 2521, 2530, 3165, 3448, 3477, 3641, 3961, 3981, 4049, 4145, 4247, 4449, 4641, 4713, 4942, 4977, 5023, 5173, 5181, 5214, 5452, 5673, 5692, 5953, 6069, 6229, 6257, 6621, 6632, 6673, 7069, 7101, 7105, 7433, 7513, 7600, 7698, 7841, 7861, 7949, 8097, 8226, 9189, 9273, 9291, 9395, 9397, 9522, 9559, 9790, 9848, 9877, 9929, 10012, 10015, 10099, 10177, 10235, 10416, 10649, 10685, 10792, 10929, 10965, 11188, 11355, 11379, 11541, 11555, 11689, 11735, 11998, 12060, 12099, 12414, 12417, 12852, 12889, 12967, 13043, 13046, 13185, 13285, 13321, 13467, 13595, 13621, 13785, 13874, 13909, 14075, 14181, 14217, 14519, 14528, 14653, 14697, 14802, 14849, 14865, 14894, 14929, 14987, 15027, 15041, 15167, 15321, 15348, 15409, 15603, 15921, 16004, 16251]
Execution Time : 
- 5934 nanoseconds
- 0.005934 milliseconds
- 5.934E-6 seconds
