File Name :caseC#5_3.in
Sort Algorithm Name : Shell_Sort
Data Before Sorted :
[65208, 64175, 63968, 63810, 62947, 62904, 62769, 62673, 62526, 62465, 62174, 61975, 61793, 61365, 61279, 61121, 60672, 60593, 59679, 59610, 59599, 58939, 58767, 58652, 58417, 57275, 57264, 57140, 56917, 56369, 56305, 55980, 55241, 55214, 55073, 54836, 53967, 53957, 53953, 53861, 53605, 53569, 52609, 52414, 52247, 52181, 52097, 51949, 51570, 51009, 50903, 50393, 50378, 50275, 50173, 50054, 49994, 49850, 49647, 49497, 49394, 49321, 49033, 48419, 48225, 47947, 47669, 47217, 45517, 45504, 45495, 44673, 44495, 43401, 43283, 43209, 43196, 42737, 41946, 41857, 41222, 41077, 40858, 40790, 40654, 40367, 40244, 40015, 39753, 39448, 39372, 39297, 39248, 39221, 39033, 38978, 38528, 38348, 38206, 38073, 37855, 37667, 37313, 36317, 36169, 35820, 35624, 35489, 35425, 34685, 34171, 33792, 33384, 33313, 33295, 33245, 33157, 32211, 32193, 32167, 32017, 31846, 31703, 31244, 31225, 31037, 30488, 30404, 29965, 29901, 29884, 29570, 29455, 29449, 28929, 28477, 28269, 28111, 27957, 27289, 27143, 26313, 26083, 25970, 25959, 25441, 25271, 24750, 24609, 23803, 23617, 23575, 23175, 23121, 22641, 22399, 22326, 22179, 21867, 21711, 21562, 21477, 21116, 20825, 20755, 20685, 20206, 20165, 20053, 20027, 19795, 19677, 19025, 18907, 18677, 18437, 18025, 17385, 17222, 16909, 16733, 16537, 16485, 16441, 16337, 16001, 15709, 15617, 15601, 14955, 14829, 14761, 14337, 14278, 14197, 14153, 14079, 13809, 13393, 13153, 13089, 12953, 12433, 12377, 11559, 11521, 11416, 11129, 11036, 11025, 10743, 10261, 9709, 9660, 9597, 9530, 9523, 9522, 9506, 8663, 8608, 8391, 8352, 8265, 7849, 7654, 7469, 7301, 7243, 6554, 6469, 6154, 5989, 5982, 5730, 5377, 5353, 5247, 5043, 4997, 4745, 4666, 4609, 4593, 4355, 3819, 3491, 3276, 2697, 2283, 1197, 824, 709, 517, 367, 150]
Data after sorted :
[150, 367, 517, 709, 824, 1197, 2283, 2697, 3276, 3491, 3819, 4355, 4593, 4609, 4666, 4745, 4997, 5043, 5247, 5353, 5377, 5730, 5982, 5989, 6154, 6469, 6554, 7243, 7301, 7469, 7654, 7849, 8265, 8352, 8391, 8608, 8663, 9506, 9522, 9523, 9530, 9597, 9660, 9709, 10261, 10743, 11025, 11036, 11129, 11416, 11521, 11559, 12377, 12433, 12953, 13089, 13153, 13393, 13809, 14079, 14153, 14197, 14278, 14337, 14761, 14829, 14955, 15601, 15617, 15709, 16001, 16337, 16441, 16485, 16537, 16733, 16909, 17222, 17385, 18025, 18437, 18677, 18907, 19025, 19677, 19795, 20027, 20053, 20165, 20206, 20685, 20755, 20825, 21116, 21477, 21562, 21711, 21867, 22179, 22326, 22399, 22641, 23121, 23175, 23575, 23617, 23803, 24609, 24750, 25271, 25441, 25959, 25970, 26083, 26313, 27143, 27289, 27957, 28111, 28269, 28477, 28929, 29449, 29455, 29570, 29884, 29901, 29965, 30404, 30488, 31037, 31225, 31244, 31703, 31846, 32017, 32167, 32193, 32211, 33157, 33245, 33295, 33313, 33384, 33792, 34171, 34685, 35425, 35489, 35624, 35820, 36169, 36317, 37313, 37667, 37855, 38073, 38206, 38348, 38528, 38978, 39033, 39221, 39248, 39297, 39372, 39448, 39753, 40015, 40244, 40367, 40654, 40790, 40858, 41077, 41222, 41857, 41946, 42737, 43196, 43209, 43283, 43401, 44495, 44673, 45495, 45504, 45517, 47217, 47669, 47947, 48225, 48419, 49033, 49321, 49394, 49497, 49647, 49850, 49994, 50054, 50173, 50275, 50378, 50393, 50903, 51009, 51570, 51949, 52097, 52181, 52247, 52414, 52609, 53569, 53605, 53861, 53953, 53957, 53967, 54836, 55073, 55214, 55241, 55980, 56305, 56369, 56917, 57140, 57264, 57275, 58417, 58652, 58767, 58939, 59599, 59610, 59679, 60593, 60672, 61121, 61279, 61365, 61793, 61975, 62174, 62465, 62526, 62673, 62769, 62904, 62947, 63810, 63968, 64175, 65208]
Execution Time : 
- 13070 nanoseconds
- 0.01307 milliseconds
- 1.307E-5 seconds
