File Name :caseC#3_8.in
Sort Algorithm Name : Pancake_Sort
Total of data : 64
Data Before Sorted :
[4065, 4033, 3809, 3800, 3795, 3731, 3667, 3549, 3457, 3337, 3257, 3229, 3225, 3185, 3143, 3102, 3077, 3009, 2987, 2825, 2779, 2711, 2689, 2682, 2677, 2628, 2535, 2497, 2384, 2372, 2221, 2205, 2185, 2081, 2040, 1872, 1821, 1809, 1801, 1729, 1709, 1668, 1624, 1405, 1374, 1263, 1087, 1017, 993, 985, 937, 903, 793, 715, 671, 669, 653, 593, 513, 466, 454, 347, 253, 17]
Data after sorted :
[17, 253, 347, 454, 466, 513, 593, 653, 669, 671, 715, 793, 903, 937, 985, 993, 1017, 1087, 1263, 1374, 1405, 1624, 1668, 1709, 1729, 1801, 1809, 1821, 1872, 2040, 2081, 2185, 2205, 2221, 2372, 2384, 2497, 2535, 2628, 2677, 2682, 2689, 2711, 2779, 2825, 2987, 3009, 3077, 3102, 3143, 3185, 3225, 3229, 3257, 3337, 3457, 3549, 3667, 3731, 3795, 3800, 3809, 4033, 4065]
Execution Time : 
- 5870 nanoseconds
- 0.00587 milliseconds
- 5.8700000000000005E-6 seconds
