File Name :caseA#5_8.in
Sort Algorithm Name : Pancake_Sort
Total of data : 256
Data Before Sorted :
[46135, 37489, 4635, 60617, 65225, 48801, 13082, 58029, 2232, 40444, 53345, 51671, 4562, 20401, 11992, 45301, 24985, 29841, 35182, 47898, 22371, 39903, 25813, 39769, 63518, 5073, 8492, 63829, 19483, 65305, 7052, 58865, 13142, 64203, 7543, 43697, 48476, 15751, 33269, 62083, 38139, 48286, 11195, 12025, 54763, 41395, 54482, 41762, 36716, 24705, 3445, 1294, 15961, 12853, 47769, 23724, 32689, 59219, 43070, 1769, 7655, 64875, 20449, 10367, 23487, 49023, 56521, 51393, 58988, 62205, 39107, 23187, 46925, 34485, 12386, 16385, 64569, 26021, 37856, 17622, 63065, 14375, 18337, 52738, 51184, 6080, 22037, 36633, 20513, 13470, 9050, 57255, 62089, 31121, 20681, 23229, 30148, 4297, 11257, 61561, 57719, 32103, 59919, 58431, 41969, 53068, 24155, 33, 11537, 22549, 52400, 47923, 55617, 50186, 7090, 60953, 4027, 33951, 15518, 26129, 61999, 24394, 33934, 53299, 49176, 41540, 58941, 51974, 7681, 14977, 55759, 39485, 41432, 33367, 19469, 27449, 38713, 16728, 3177, 38425, 12933, 1377, 25028, 56492, 15923, 18118, 40253, 44080, 24837, 47633, 55991, 22017, 41761, 19089, 9385, 49929, 54305, 25523, 10979, 48829, 49435, 34537, 7776, 41591, 56287, 33059, 3172, 9633, 58473, 57185, 6177, 13765, 4130, 40496, 26611, 9769, 13324, 14289, 46137, 15717, 40580, 54473, 29480, 18616, 31289, 65, 39125, 33049, 44381, 4705, 13413, 62219, 38678, 4497, 15121, 11545, 5453, 60073, 18336, 44625, 57841, 34979, 55461, 15083, 59953, 21585, 51720, 18685, 45907, 26277, 30020, 8037, 33740, 26926, 31710, 34463, 4839, 31328, 4473, 22543, 63289, 10575, 19378, 62276, 25747, 26977, 12349, 62173, 36635, 61501, 31913, 51663, 36085, 38569, 25470, 44998, 33703, 48993, 46547, 53017, 47249, 52569, 25926, 5947, 14929, 23432, 33208, 32241, 10089, 44497, 61177, 57104, 52437, 16213, 7590, 63445]
Data after sorted :
[33, 65, 1294, 1377, 1769, 2232, 3172, 3177, 3445, 4027, 4130, 4297, 4473, 4497, 4562, 4635, 4705, 4839, 5073, 5453, 5947, 6080, 6177, 7052, 7090, 7543, 7590, 7655, 7681, 7776, 8037, 8492, 9050, 9385, 9633, 9769, 10089, 10367, 10575, 10979, 11195, 11257, 11537, 11545, 11992, 12025, 12349, 12386, 12853, 12933, 13082, 13142, 13324, 13413, 13470, 13765, 14289, 14375, 14929, 14977, 15083, 15121, 15518, 15717, 15751, 15923, 15961, 16213, 16385, 16728, 17622, 18118, 18336, 18337, 18616, 18685, 19089, 19378, 19469, 19483, 20401, 20449, 20513, 20681, 21585, 22017, 22037, 22371, 22543, 22549, 23187, 23229, 23432, 23487, 23724, 24155, 24394, 24705, 24837, 24985, 25028, 25470, 25523, 25747, 25813, 25926, 26021, 26129, 26277, 26611, 26926, 26977, 27449, 29480, 29841, 30020, 30148, 31121, 31289, 31328, 31710, 31913, 32103, 32241, 32689, 33049, 33059, 33208, 33269, 33367, 33703, 33740, 33934, 33951, 34463, 34485, 34537, 34979, 35182, 36085, 36633, 36635, 36716, 37489, 37856, 38139, 38425, 38569, 38678, 38713, 39107, 39125, 39485, 39769, 39903, 40253, 40444, 40496, 40580, 41395, 41432, 41540, 41591, 41761, 41762, 41969, 43070, 43697, 44080, 44381, 44497, 44625, 44998, 45301, 45907, 46135, 46137, 46547, 46925, 47249, 47633, 47769, 47898, 47923, 48286, 48476, 48801, 48829, 48993, 49023, 49176, 49435, 49929, 50186, 51184, 51393, 51663, 51671, 51720, 51974, 52400, 52437, 52569, 52738, 53017, 53068, 53299, 53345, 54305, 54473, 54482, 54763, 55461, 55617, 55759, 55991, 56287, 56492, 56521, 57104, 57185, 57255, 57719, 57841, 58029, 58431, 58473, 58865, 58941, 58988, 59219, 59919, 59953, 60073, 60617, 60953, 61177, 61501, 61561, 61999, 62083, 62089, 62173, 62205, 62219, 62276, 63065, 63289, 63445, 63518, 63829, 64203, 64569, 64875, 65225, 65305]
Execution Time : 
- 148087 nanoseconds
- 0.148087 milliseconds
- 1.48087E-4 seconds
