File Name :caseE#3_10.in
Sort Algorithm Name : Pancake_Sort
Total of data : 64
Data Before Sorted :
[61, 83, 127, 161, 225, 312, 339, 482, 601, 769, 774, 933, 957, 1257, 1285, 1325, 1335, 1339, 1431, 1456, 1473, 1569, 1761, 2169, 2180, 2224, 2273, 2357, 2391, 2409, 2449, 2472, 2473, 2476, 2572, 2648, 2809, 2857, 2897, 2899, 2973, 2977, 3011, 3040, 3081, 3109, 3177, 3247, 3288, 3369, 3409, 3524, 3545, 3745, 3813, 3873, 3940, 3971, 2777, 93, 3361, 581, 1067, 342]
Data after sorted :
[61, 83, 93, 127, 161, 225, 312, 339, 342, 482, 581, 601, 769, 774, 933, 957, 1067, 1257, 1285, 1325, 1335, 1339, 1431, 1456, 1473, 1569, 1761, 2169, 2180, 2224, 2273, 2357, 2391, 2409, 2449, 2472, 2473, 2476, 2572, 2648, 2777, 2809, 2857, 2897, 2899, 2973, 2977, 3011, 3040, 3081, 3109, 3177, 3247, 3288, 3361, 3369, 3409, 3524, 3545, 3745, 3813, 3873, 3940, 3971]
Execution Time : 
- 8792 nanoseconds
- 0.008792 milliseconds
- 8.792E-6 seconds
