File Name :caseD#5_5.in
Sort Algorithm Name : Pancake_Sort
Total of data : 256
Data Before Sorted :
[41, 261, 319, 448, 493, 520, 1371, 1797, 1857, 1913, 2004, 2238, 2344, 2567, 4013, 4339, 4467, 4577, 4633, 5345, 5400, 5889, 6441, 6981, 7553, 7628, 7727, 7816, 7913, 8597, 9271, 9419, 9915, 10256, 10391, 10753, 11138, 11160, 11807, 11845, 12187, 12617, 12724, 12785, 12991, 13056, 13329, 13421, 13749, 13817, 14249, 14336, 14629, 15017, 15228, 15423, 16461, 16515, 16683, 16770, 17007, 17009, 17091, 17368, 17568, 17569, 17873, 18350, 18657, 19453, 19675, 19803, 19931, 20045, 20287, 20411, 20475, 20801, 20861, 20981, 20991, 21009, 21413, 21639, 21897, 21969, 22028, 22445, 22590, 22688, 23621, 24087, 24208, 24473, 24561, 24585, 24993, 25213, 25357, 25615, 25641, 25685, 25697, 25757, 26598, 26737, 26912, 27623, 27719, 27975, 28385, 28401, 28527, 30291, 31466, 31825, 31920, 32073, 32169, 32557, 33156, 33213, 33521, 33566, 33679, 34041, 34150, 34430, 34555, 34639, 34932, 35331, 35641, 35967, 36280, 36281, 36640, 36933, 36984, 37025, 37194, 37199, 37817, 37844, 38249, 38483, 38836, 38873, 39267, 39289, 39768, 39813, 40069, 40443, 40601, 41004, 41049, 41622, 41817, 42240, 42301, 42327, 42669, 43267, 43828, 44001, 44123, 44441, 44901, 45037, 45553, 45621, 45847, 46064, 46197, 46288, 46579, 46845, 46849, 46977, 47865, 47885, 47977, 48115, 48867, 48904, 48982, 49371, 49441, 49865, 50003, 50013, 50039, 50065, 50193, 50433, 50701, 50737, 51951, 51981, 52257, 52497, 52645, 52804, 53029, 53917, 53999, 54050, 54512, 54567, 55149, 55262, 55905, 55920, 56285, 56424, 56690, 57433, 57714, 58033, 58781, 58941, 59165, 59389, 59682, 59905, 60017, 60059, 60081, 60787, 61143, 61242, 61533, 61561, 61802, 61834, 61835, 61869, 62240, 62259, 62367, 62921, 63383, 63709, 63765, 63913, 64233, 64529, 64578, 65069, 65104, 65145, 65307, 4737, 24165, 34624]
Data after sorted :
[41, 261, 319, 448, 493, 520, 1371, 1797, 1857, 1913, 2004, 2238, 2344, 2567, 4013, 4339, 4467, 4577, 4633, 4737, 5345, 5400, 5889, 6441, 6981, 7553, 7628, 7727, 7816, 7913, 8597, 9271, 9419, 9915, 10256, 10391, 10753, 11138, 11160, 11807, 11845, 12187, 12617, 12724, 12785, 12991, 13056, 13329, 13421, 13749, 13817, 14249, 14336, 14629, 15017, 15228, 15423, 16461, 16515, 16683, 16770, 17007, 17009, 17091, 17368, 17568, 17569, 17873, 18350, 18657, 19453, 19675, 19803, 19931, 20045, 20287, 20411, 20475, 20801, 20861, 20981, 20991, 21009, 21413, 21639, 21897, 21969, 22028, 22445, 22590, 22688, 23621, 24087, 24165, 24208, 24473, 24561, 24585, 24993, 25213, 25357, 25615, 25641, 25685, 25697, 25757, 26598, 26737, 26912, 27623, 27719, 27975, 28385, 28401, 28527, 30291, 31466, 31825, 31920, 32073, 32169, 32557, 33156, 33213, 33521, 33566, 33679, 34041, 34150, 34430, 34555, 34624, 34639, 34932, 35331, 35641, 35967, 36280, 36281, 36640, 36933, 36984, 37025, 37194, 37199, 37817, 37844, 38249, 38483, 38836, 38873, 39267, 39289, 39768, 39813, 40069, 40443, 40601, 41004, 41049, 41622, 41817, 42240, 42301, 42327, 42669, 43267, 43828, 44001, 44123, 44441, 44901, 45037, 45553, 45621, 45847, 46064, 46197, 46288, 46579, 46845, 46849, 46977, 47865, 47885, 47977, 48115, 48867, 48904, 48982, 49371, 49441, 49865, 50003, 50013, 50039, 50065, 50193, 50433, 50701, 50737, 51951, 51981, 52257, 52497, 52645, 52804, 53029, 53917, 53999, 54050, 54512, 54567, 55149, 55262, 55905, 55920, 56285, 56424, 56690, 57433, 57714, 58033, 58781, 58941, 59165, 59389, 59682, 59905, 60017, 60059, 60081, 60787, 61143, 61242, 61533, 61561, 61802, 61834, 61835, 61869, 62240, 62259, 62367, 62921, 63383, 63709, 63765, 63913, 64233, 64529, 64578, 65069, 65104, 65145, 65307]
Execution Time : 
- 70613 nanoseconds
- 0.070613 milliseconds
- 7.0613E-5 seconds
