File Name :caseE#5_1.in
Sort Algorithm Name : Pancake_Sort
Total of data : 256
Data Before Sorted :
[657, 885, 1161, 1393, 1549, 1876, 1899, 3094, 3137, 3981, 4077, 4177, 4193, 5309, 5323, 5349, 5618, 5904, 5937, 6018, 6081, 6229, 6289, 6849, 6913, 7157, 7968, 8049, 8512, 8545, 8897, 8983, 9137, 9430, 9594, 9945, 10150, 10219, 10233, 10756, 10867, 10911, 10912, 11183, 11499, 11619, 11640, 11842, 12097, 12458, 12833, 13033, 13597, 13618, 13640, 13773, 13813, 13817, 14110, 15026, 15043, 15455, 15839, 16440, 17193, 17361, 17601, 17809, 18159, 18197, 19123, 19142, 19221, 19384, 19610, 19625, 19645, 20353, 20624, 20818, 21190, 21429, 21734, 22148, 22297, 22821, 22994, 23038, 23617, 24190, 24317, 24561, 24593, 24721, 24992, 25715, 25809, 25933, 27195, 27228, 27247, 27255, 27732, 28057, 28873, 29180, 29365, 29828, 30427, 30881, 31317, 31534, 31615, 31783, 31923, 32164, 32405, 32450, 32713, 32957, 33775, 33797, 33859, 34017, 34097, 34279, 35433, 35477, 36145, 36241, 36544, 36659, 36897, 37026, 37921, 37990, 38353, 38369, 38473, 39073, 39341, 39539, 39773, 39779, 39817, 39903, 39993, 40203, 40325, 40354, 40451, 41173, 41545, 41637, 41821, 42177, 43530, 43733, 43837, 43855, 44043, 44441, 45035, 45188, 45233, 45626, 45963, 45981, 46003, 46105, 47090, 47119, 47203, 47297, 47397, 48969, 49205, 49320, 49627, 49879, 50665, 50705, 50903, 51080, 51091, 51545, 51659, 51803, 51836, 52181, 52561, 52635, 53025, 53043, 53273, 53814, 53933, 54161, 55059, 55079, 55151, 55857, 56905, 57361, 57558, 57913, 57989, 58137, 58303, 58838, 59082, 59660, 59778, 59970, 60233, 60265, 60439, 61081, 61137, 61313, 61833, 62005, 62347, 62529, 63077, 63236, 63407, 63603, 64289, 64701, 32199, 5544, 29427, 269, 11887, 32913, 53351, 44164, 27913, 33641, 21545, 3217, 51889, 2413, 10071, 41522, 35840, 41143, 10287, 21657, 25777, 20001, 24311, 48673, 32617, 56129]
Data after sorted :
[269, 657, 885, 1161, 1393, 1549, 1876, 1899, 2413, 3094, 3137, 3217, 3981, 4077, 4177, 4193, 5309, 5323, 5349, 5544, 5618, 5904, 5937, 6018, 6081, 6229, 6289, 6849, 6913, 7157, 7968, 8049, 8512, 8545, 8897, 8983, 9137, 9430, 9594, 9945, 10071, 10150, 10219, 10233, 10287, 10756, 10867, 10911, 10912, 11183, 11499, 11619, 11640, 11842, 11887, 12097, 12458, 12833, 13033, 13597, 13618, 13640, 13773, 13813, 13817, 14110, 15026, 15043, 15455, 15839, 16440, 17193, 17361, 17601, 17809, 18159, 18197, 19123, 19142, 19221, 19384, 19610, 19625, 19645, 20001, 20353, 20624, 20818, 21190, 21429, 21545, 21657, 21734, 22148, 22297, 22821, 22994, 23038, 23617, 24190, 24311, 24317, 24561, 24593, 24721, 24992, 25715, 25777, 25809, 25933, 27195, 27228, 27247, 27255, 27732, 27913, 28057, 28873, 29180, 29365, 29427, 29828, 30427, 30881, 31317, 31534, 31615, 31783, 31923, 32164, 32199, 32405, 32450, 32617, 32713, 32913, 32957, 33641, 33775, 33797, 33859, 34017, 34097, 34279, 35433, 35477, 35840, 36145, 36241, 36544, 36659, 36897, 37026, 37921, 37990, 38353, 38369, 38473, 39073, 39341, 39539, 39773, 39779, 39817, 39903, 39993, 40203, 40325, 40354, 40451, 41143, 41173, 41522, 41545, 41637, 41821, 42177, 43530, 43733, 43837, 43855, 44043, 44164, 44441, 45035, 45188, 45233, 45626, 45963, 45981, 46003, 46105, 47090, 47119, 47203, 47297, 47397, 48673, 48969, 49205, 49320, 49627, 49879, 50665, 50705, 50903, 51080, 51091, 51545, 51659, 51803, 51836, 51889, 52181, 52561, 52635, 53025, 53043, 53273, 53351, 53814, 53933, 54161, 55059, 55079, 55151, 55857, 56129, 56905, 57361, 57558, 57913, 57989, 58137, 58303, 58838, 59082, 59660, 59778, 59970, 60233, 60265, 60439, 61081, 61137, 61313, 61833, 62005, 62347, 62529, 63077, 63236, 63407, 63603, 64289, 64701]
Execution Time : 
- 79874 nanoseconds
- 0.079874 milliseconds
- 7.9874E-5 seconds
