File Name :caseF#4_7.in
Sort Algorithm Name : Pancake_Sort
Total of data : 128
Data Before Sorted :
[8, 9, 1, 7, 4, 11, 1, 1, 7, 2, 1, 2, 4, 5, 3, 9, 3, 2, 1, 5, 5, 1, 6, 4, 1, 8, 6, 11, 7, 4, 6, 2, 9, 6, 1, 8, 9, 4, 7, 5, 11, 10, 11, 3, 8, 7, 7, 7, 1, 5, 3, 1, 1, 1, 10, 1, 2, 10, 9, 3, 3, 10, 9, 4, 3, 6, 2, 6, 1, 3, 2, 7, 1, 9, 1, 1, 3, 10, 11, 9, 8, 11, 7, 6, 8, 2, 11, 2, 8, 4, 1, 4, 5, 10, 8, 1, 8, 10, 4, 11, 1, 7, 8, 6, 8, 3, 3, 1, 7, 1, 4, 11, 10, 11, 9, 4, 4, 4, 11, 11, 6, 8, 7, 2, 4, 11, 1, 11]
Data after sorted :
[1, 1, 1, 1, 1, 1, 1, 1, 1, 1, 1, 1, 1, 1, 1, 1, 1, 1, 1, 1, 1, 1, 1, 2, 2, 2, 2, 2, 2, 2, 2, 2, 2, 3, 3, 3, 3, 3, 3, 3, 3, 3, 3, 3, 4, 4, 4, 4, 4, 4, 4, 4, 4, 4, 4, 4, 4, 4, 5, 5, 5, 5, 5, 5, 6, 6, 6, 6, 6, 6, 6, 6, 6, 7, 7, 7, 7, 7, 7, 7, 7, 7, 7, 7, 7, 8, 8, 8, 8, 8, 8, 8, 8, 8, 8, 8, 8, 9, 9, 9, 9, 9, 9, 9, 9, 9, 10, 10, 10, 10, 10, 10, 10, 10, 11, 11, 11, 11, 11, 11, 11, 11, 11, 11, 11, 11, 11, 11]
Execution Time : 
- 46509 nanoseconds
- 0.046509 milliseconds
- 4.6509000000000005E-5 seconds
