File Name :caseD#3_8.in
Sort Algorithm Name : Pancake_Sort
Total of data : 64
Data Before Sorted :
[23, 61, 149, 183, 211, 242, 245, 411, 446, 574, 761, 867, 870, 1145, 1242, 1248, 1261, 1263, 1309, 1323, 1349, 1443, 1449, 1501, 1553, 1560, 1611, 1665, 1911, 1953, 1961, 2053, 2109, 2113, 2143, 2337, 2369, 2445, 2449, 2797, 2899, 3005, 3179, 3201, 3207, 3245, 3274, 3287, 3383, 3399, 3555, 3647, 3665, 3728, 3792, 3813, 3877, 3896, 3905, 3937, 4013, 4091, 155, 1571]
Data after sorted :
[23, 61, 149, 155, 183, 211, 242, 245, 411, 446, 574, 761, 867, 870, 1145, 1242, 1248, 1261, 1263, 1309, 1323, 1349, 1443, 1449, 1501, 1553, 1560, 1571, 1611, 1665, 1911, 1953, 1961, 2053, 2109, 2113, 2143, 2337, 2369, 2445, 2449, 2797, 2899, 3005, 3179, 3201, 3207, 3245, 3274, 3287, 3383, 3399, 3555, 3647, 3665, 3728, 3792, 3813, 3877, 3896, 3905, 3937, 4013, 4091]
Execution Time : 
- 7341 nanoseconds
- 0.007341 milliseconds
- 7.3410000000000005E-6 seconds
