File Name :caseC#4_10.in
Sort Algorithm Name : Pancake_Sort
Total of data : 128
Data Before Sorted :
[16255, 15993, 15937, 15925, 15841, 15789, 15725, 15615, 15453, 15451, 15077, 14937, 14918, 14793, 14717, 14481, 14457, 14431, 14417, 14405, 14363, 14033, 13949, 13921, 13825, 13679, 13361, 13341, 13041, 12910, 12733, 12509, 12353, 12334, 12245, 12186, 12046, 12002, 11825, 11645, 11573, 11467, 11425, 11412, 11256, 10781, 10473, 10069, 10017, 9945, 9857, 9783, 9741, 9441, 9202, 8917, 8377, 8343, 8316, 8310, 7965, 7897, 7720, 7319, 7311, 7297, 7253, 7040, 6785, 6711, 6119, 6066, 5885, 5717, 5693, 5601, 5537, 5254, 5053, 4937, 4896, 4888, 4661, 4599, 4573, 4477, 4297, 4109, 4097, 4082, 4036, 3989, 3969, 3913, 3699, 3678, 3543, 3457, 3341, 3229, 2953, 2922, 2765, 2629, 2365, 2362, 2329, 2271, 2112, 1649, 1525, 1342, 1324, 1305, 1209, 1112, 1105, 873, 857, 837, 669, 657, 569, 549, 459, 289, 273, 148]
Data after sorted :
[148, 273, 289, 459, 549, 569, 657, 669, 837, 857, 873, 1105, 1112, 1209, 1305, 1324, 1342, 1525, 1649, 2112, 2271, 2329, 2362, 2365, 2629, 2765, 2922, 2953, 3229, 3341, 3457, 3543, 3678, 3699, 3913, 3969, 3989, 4036, 4082, 4097, 4109, 4297, 4477, 4573, 4599, 4661, 4888, 4896, 4937, 5053, 5254, 5537, 5601, 5693, 5717, 5885, 6066, 6119, 6711, 6785, 7040, 7253, 7297, 7311, 7319, 7720, 7897, 7965, 8310, 8316, 8343, 8377, 8917, 9202, 9441, 9741, 9783, 9857, 9945, 10017, 10069, 10473, 10781, 11256, 11412, 11425, 11467, 11573, 11645, 11825, 12002, 12046, 12186, 12245, 12334, 12353, 12509, 12733, 12910, 13041, 13341, 13361, 13679, 13825, 13921, 13949, 14033, 14363, 14405, 14417, 14431, 14457, 14481, 14717, 14793, 14918, 14937, 15077, 15451, 15453, 15615, 15725, 15789, 15841, 15925, 15937, 15993, 16255]
Execution Time : 
- 18477 nanoseconds
- 0.018477 milliseconds
- 1.8477E-5 seconds
