File Name :caseA#4_6.in
Sort Algorithm Name : Pancake_Sort
Total of data : 128
Data Before Sorted :
[10969, 1697, 2288, 13285, 11031, 4832, 8876, 5317, 3909, 12317, 14961, 6757, 2575, 4481, 911, 9778, 12512, 15888, 3894, 7845, 2701, 6035, 11273, 15870, 10830, 6563, 7809, 15829, 12245, 7820, 2981, 332, 361, 15233, 8405, 4000, 7302, 5549, 986, 9185, 12401, 2697, 7737, 5333, 733, 9217, 11726, 7451, 9084, 12573, 6616, 2313, 3305, 4859, 7593, 16239, 13201, 9875, 4597, 1089, 15617, 256, 12904, 7914, 5307, 1057, 9971, 15230, 10472, 11976, 11268, 2763, 12527, 3447, 3795, 2347, 3791, 7073, 5245, 13497, 15297, 4022, 4889, 9563, 9266, 6239, 10112, 1729, 11788, 2063, 752, 3390, 11181, 453, 721, 9561, 9063, 16057, 12291, 4956, 14701, 5941, 5879, 6827, 13404, 6347, 2649, 8307, 4125, 9192, 2003, 5103, 14275, 14970, 11499, 7741, 13323, 10188, 7707, 3123, 2421, 13115, 12429, 14761, 313, 13651, 4885, 7517]
Data after sorted :
[256, 313, 332, 361, 453, 721, 733, 752, 911, 986, 1057, 1089, 1697, 1729, 2003, 2063, 2288, 2313, 2347, 2421, 2575, 2649, 2697, 2701, 2763, 2981, 3123, 3305, 3390, 3447, 3791, 3795, 3894, 3909, 4000, 4022, 4125, 4481, 4597, 4832, 4859, 4885, 4889, 4956, 5103, 5245, 5307, 5317, 5333, 5549, 5879, 5941, 6035, 6239, 6347, 6563, 6616, 6757, 6827, 7073, 7302, 7451, 7517, 7593, 7707, 7737, 7741, 7809, 7820, 7845, 7914, 8307, 8405, 8876, 9063, 9084, 9185, 9192, 9217, 9266, 9561, 9563, 9778, 9875, 9971, 10112, 10188, 10472, 10830, 10969, 11031, 11181, 11268, 11273, 11499, 11726, 11788, 11976, 12245, 12291, 12317, 12401, 12429, 12512, 12527, 12573, 12904, 13115, 13201, 13285, 13323, 13404, 13497, 13651, 14275, 14701, 14761, 14961, 14970, 15230, 15233, 15297, 15617, 15829, 15870, 15888, 16057, 16239]
Execution Time : 
- 41022 nanoseconds
- 0.041022 milliseconds
- 4.1022E-5 seconds
