File Name :caseD#5_2.in
Sort Algorithm Name : Pancake_Sort
Total of data : 256
Data Before Sorted :
[33, 38, 509, 967, 1140, 1629, 2017, 2118, 2191, 2287, 3394, 3409, 3451, 3525, 3617, 4100, 4160, 4386, 6058, 6524, 6809, 7674, 7891, 7919, 8072, 8085, 8193, 8241, 8673, 9197, 9386, 9417, 9461, 9583, 9636, 9677, 9679, 10004, 10018, 10179, 10212, 10339, 10795, 11167, 11817, 12033, 12172, 12523, 12565, 12681, 12847, 12965, 13140, 13425, 13662, 13757, 14247, 14351, 14425, 15018, 15035, 15111, 15201, 15232, 15561, 15744, 16243, 16563, 16641, 17379, 17472, 17578, 17582, 17729, 17801, 18465, 18845, 19167, 19585, 19641, 19694, 19893, 20007, 20089, 20431, 20668, 20874, 21354, 21467, 22160, 22259, 22279, 22693, 22733, 22770, 22771, 22809, 22857, 23226, 23665, 23761, 23765, 24880, 25111, 25231, 25391, 26063, 26205, 26305, 27148, 27509, 27838, 28093, 29013, 29033, 29293, 29410, 29457, 29813, 30393, 30991, 31007, 31482, 31573, 31875, 32349, 32695, 33943, 34311, 35182, 35206, 35512, 35809, 35848, 35896, 35945, 36206, 36389, 36485, 36637, 37059, 37255, 37373, 37555, 37648, 37905, 37961, 38085, 38333, 38426, 38482, 38513, 38622, 38649, 38726, 38769, 39144, 39245, 39387, 39495, 39705, 40017, 40034, 40193, 40243, 40349, 40601, 40929, 40981, 41141, 42054, 42145, 42457, 42563, 42577, 42625, 42881, 43137, 43159, 43201, 43441, 44257, 44345, 44457, 44943, 45081, 45169, 45227, 45573, 45673, 46385, 47269, 47424, 47809, 47943, 47985, 48915, 49119, 49268, 49313, 49727, 49793, 50059, 51257, 51271, 51466, 51511, 52097, 52392, 52701, 52843, 52950, 53250, 53401, 53973, 54099, 54573, 54683, 54827, 55129, 55817, 55911, 56657, 57562, 57661, 57779, 58163, 58238, 59083, 60110, 60113, 60429, 60715, 61153, 61646, 62493, 62553, 62759, 62760, 63111, 63409, 63693, 63984, 64053, 64201, 64231, 64249, 64709, 64749, 64761, 64777, 65028, 65375, 30449, 42001, 61654]
Data after sorted :
[33, 38, 509, 967, 1140, 1629, 2017, 2118, 2191, 2287, 3394, 3409, 3451, 3525, 3617, 4100, 4160, 4386, 6058, 6524, 6809, 7674, 7891, 7919, 8072, 8085, 8193, 8241, 8673, 9197, 9386, 9417, 9461, 9583, 9636, 9677, 9679, 10004, 10018, 10179, 10212, 10339, 10795, 11167, 11817, 12033, 12172, 12523, 12565, 12681, 12847, 12965, 13140, 13425, 13662, 13757, 14247, 14351, 14425, 15018, 15035, 15111, 15201, 15232, 15561, 15744, 16243, 16563, 16641, 17379, 17472, 17578, 17582, 17729, 17801, 18465, 18845, 19167, 19585, 19641, 19694, 19893, 20007, 20089, 20431, 20668, 20874, 21354, 21467, 22160, 22259, 22279, 22693, 22733, 22770, 22771, 22809, 22857, 23226, 23665, 23761, 23765, 24880, 25111, 25231, 25391, 26063, 26205, 26305, 27148, 27509, 27838, 28093, 29013, 29033, 29293, 29410, 29457, 29813, 30393, 30449, 30991, 31007, 31482, 31573, 31875, 32349, 32695, 33943, 34311, 35182, 35206, 35512, 35809, 35848, 35896, 35945, 36206, 36389, 36485, 36637, 37059, 37255, 37373, 37555, 37648, 37905, 37961, 38085, 38333, 38426, 38482, 38513, 38622, 38649, 38726, 38769, 39144, 39245, 39387, 39495, 39705, 40017, 40034, 40193, 40243, 40349, 40601, 40929, 40981, 41141, 42001, 42054, 42145, 42457, 42563, 42577, 42625, 42881, 43137, 43159, 43201, 43441, 44257, 44345, 44457, 44943, 45081, 45169, 45227, 45573, 45673, 46385, 47269, 47424, 47809, 47943, 47985, 48915, 49119, 49268, 49313, 49727, 49793, 50059, 51257, 51271, 51466, 51511, 52097, 52392, 52701, 52843, 52950, 53250, 53401, 53973, 54099, 54573, 54683, 54827, 55129, 55817, 55911, 56657, 57562, 57661, 57779, 58163, 58238, 59083, 60110, 60113, 60429, 60715, 61153, 61646, 61654, 62493, 62553, 62759, 62760, 63111, 63409, 63693, 63984, 64053, 64201, 64231, 64249, 64709, 64749, 64761, 64777, 65028, 65375]
Execution Time : 
- 103005 nanoseconds
- 0.103005 milliseconds
- 1.03005E-4 seconds
