File Name :caseA#3_10.in
Sort Algorithm Name : Pancake_Sort
Total of data : 64
Data Before Sorted :
[553, 1606, 597, 2195, 1500, 2399, 2413, 2208, 1772, 1742, 96, 3631, 117, 438, 2290, 2689, 1693, 2845, 275, 1089, 1861, 2885, 2969, 2017, 1183, 415, 3317, 807, 370, 3765, 3270, 3073, 617, 2265, 2506, 3977, 2753, 2422, 1433, 95, 28, 490, 2541, 1271, 677, 2025, 1338, 2881, 1758, 1748, 2277, 3069, 162, 1511, 1183, 3596, 3392, 3649, 2356, 2509, 3918, 1159, 2845, 3505]
Data after sorted :
[28, 95, 96, 117, 162, 275, 370, 415, 438, 490, 553, 597, 617, 677, 807, 1089, 1159, 1183, 1183, 1271, 1338, 1433, 1500, 1511, 1606, 1693, 1742, 1748, 1758, 1772, 1861, 2017, 2025, 2195, 2208, 2265, 2277, 2290, 2356, 2399, 2413, 2422, 2506, 2509, 2541, 2689, 2753, 2845, 2845, 2881, 2885, 2969, 3069, 3073, 3270, 3317, 3392, 3505, 3596, 3631, 3649, 3765, 3918, 3977]
Execution Time : 
- 12790 nanoseconds
- 0.01279 milliseconds
- 1.279E-5 seconds
