File Name :caseC#4_2.in
Sort Algorithm Name : Pancake_Sort
Total of data : 128
Data Before Sorted :
[16377, 16145, 16112, 16101, 16043, 15976, 15953, 15385, 15314, 15067, 15053, 15044, 14973, 14969, 14933, 14761, 14759, 14629, 14449, 14363, 14181, 14103, 13990, 13749, 13743, 13179, 12727, 12434, 12380, 12196, 12170, 12137, 12041, 11969, 11937, 11753, 11583, 11148, 11043, 10941, 10882, 10753, 10716, 10674, 10643, 10473, 10260, 10174, 9945, 9921, 9869, 9855, 9793, 9777, 9774, 9717, 9545, 9365, 9320, 9257, 9096, 8943, 8795, 8732, 8633, 8532, 8323, 8277, 8224, 8153, 8111, 7861, 7681, 7663, 7637, 7465, 7435, 6996, 6750, 6745, 6553, 6525, 6423, 6342, 6093, 6017, 5537, 5296, 5250, 5241, 5177, 4871, 4849, 4729, 4705, 4673, 4580, 4445, 4280, 4197, 4129, 4021, 3841, 3640, 3299, 3281, 2901, 2897, 2543, 2353, 2323, 2299, 2059, 1930, 1902, 1898, 1888, 1718, 1712, 1457, 1245, 1189, 1045, 850, 706, 288, 72, 1]
Data after sorted :
[1, 72, 288, 706, 850, 1045, 1189, 1245, 1457, 1712, 1718, 1888, 1898, 1902, 1930, 2059, 2299, 2323, 2353, 2543, 2897, 2901, 3281, 3299, 3640, 3841, 4021, 4129, 4197, 4280, 4445, 4580, 4673, 4705, 4729, 4849, 4871, 5177, 5241, 5250, 5296, 5537, 6017, 6093, 6342, 6423, 6525, 6553, 6745, 6750, 6996, 7435, 7465, 7637, 7663, 7681, 7861, 8111, 8153, 8224, 8277, 8323, 8532, 8633, 8732, 8795, 8943, 9096, 9257, 9320, 9365, 9545, 9717, 9774, 9777, 9793, 9855, 9869, 9921, 9945, 10174, 10260, 10473, 10643, 10674, 10716, 10753, 10882, 10941, 11043, 11148, 11583, 11753, 11937, 11969, 12041, 12137, 12170, 12196, 12380, 12434, 12727, 13179, 13743, 13749, 13990, 14103, 14181, 14363, 14449, 14629, 14759, 14761, 14933, 14969, 14973, 15044, 15053, 15067, 15314, 15385, 15953, 15976, 16043, 16101, 16112, 16145, 16377]
Execution Time : 
- 15638 nanoseconds
- 0.015638 milliseconds
- 1.5638E-5 seconds
