File Name :caseB#2_6.in
Sort Algorithm Name : Pancake_Sort
Total of data : 32
Data Before Sorted :
[4, 53, 97, 105, 116, 205, 223, 320, 321, 431, 473, 491, 497, 510, 513, 583, 621, 645, 647, 681, 705, 722, 743, 759, 763, 769, 777, 878, 897, 921, 993, 1017]
Data after sorted :
[4, 53, 97, 105, 116, 205, 223, 320, 321, 431, 473, 491, 497, 510, 513, 583, 621, 645, 647, 681, 705, 722, 743, 759, 763, 769, 777, 878, 897, 921, 993, 1017]
Execution Time : 
- 2460 nanoseconds
- 0.00246 milliseconds
- 2.4599999999999997E-6 seconds
