File Name :caseC#5_7.in
Sort Algorithm Name : Pancake_Sort
Total of data : 256
Data Before Sorted :
[65511, 65457, 65348, 65149, 64510, 64374, 64038, 63867, 63529, 63500, 63417, 63008, 62968, 61657, 61138, 60924, 60569, 60240, 59625, 59184, 58545, 58469, 58373, 58067, 57657, 57176, 57039, 56993, 56817, 56684, 56037, 55437, 55077, 55071, 55041, 54944, 54869, 54813, 54729, 53837, 53158, 53153, 53114, 51841, 51163, 50560, 50487, 50145, 50135, 50054, 49977, 49425, 49057, 49015, 49006, 48844, 48843, 48172, 47937, 47681, 47349, 46828, 46651, 46625, 46599, 46380, 46227, 45791, 45597, 45169, 44567, 44301, 44129, 43977, 43692, 43473, 43343, 43169, 43157, 42961, 42311, 42101, 42007, 41705, 41694, 41681, 41633, 41444, 41329, 41285, 41206, 40851, 39937, 39723, 39589, 39257, 38949, 38883, 38341, 38040, 37545, 36793, 36625, 36611, 36082, 35249, 35184, 35173, 34921, 34865, 34753, 34721, 34553, 34541, 34254, 34233, 33957, 33771, 33235, 33086, 32963, 32945, 32665, 32451, 31902, 31815, 31651, 31384, 31177, 31159, 30987, 30889, 30881, 30852, 30249, 30105, 29937, 29657, 29487, 29330, 29296, 29158, 28558, 28185, 27785, 27707, 27325, 26686, 26677, 26469, 25848, 25789, 25697, 25318, 24938, 24769, 24385, 23995, 23915, 23905, 23809, 23496, 23357, 22905, 22753, 22367, 21157, 20991, 20879, 20833, 20623, 20222, 19936, 19689, 19434, 19140, 19139, 19066, 18545, 18515, 18305, 18152, 18137, 16898, 16805, 16293, 16249, 16221, 16196, 15896, 15523, 15077, 15069, 14975, 14937, 14812, 14331, 14065, 13835, 13769, 13746, 13543, 13301, 12063, 11983, 11962, 11852, 11645, 11404, 11257, 10881, 10595, 10466, 10211, 9913, 9735, 9271, 9257, 9161, 8853, 7883, 7553, 6817, 6596, 6273, 6091, 5993, 5785, 5366, 5337, 4975, 4725, 4617, 3715, 3693, 3650, 3465, 3273, 3211, 3087, 2953, 2750, 2632, 2401, 2208, 2178, 1763, 1537, 1264, 1070, 964, 909, 888, 681, 179, 53]
Data after sorted :
[53, 179, 681, 888, 909, 964, 1070, 1264, 1537, 1763, 2178, 2208, 2401, 2632, 2750, 2953, 3087, 3211, 3273, 3465, 3650, 3693, 3715, 4617, 4725, 4975, 5337, 5366, 5785, 5993, 6091, 6273, 6596, 6817, 7553, 7883, 8853, 9161, 9257, 9271, 9735, 9913, 10211, 10466, 10595, 10881, 11257, 11404, 11645, 11852, 11962, 11983, 12063, 13301, 13543, 13746, 13769, 13835, 14065, 14331, 14812, 14937, 14975, 15069, 15077, 15523, 15896, 16196, 16221, 16249, 16293, 16805, 16898, 18137, 18152, 18305, 18515, 18545, 19066, 19139, 19140, 19434, 19689, 19936, 20222, 20623, 20833, 20879, 20991, 21157, 22367, 22753, 22905, 23357, 23496, 23809, 23905, 23915, 23995, 24385, 24769, 24938, 25318, 25697, 25789, 25848, 26469, 26677, 26686, 27325, 27707, 27785, 28185, 28558, 29158, 29296, 29330, 29487, 29657, 29937, 30105, 30249, 30852, 30881, 30889, 30987, 31159, 31177, 31384, 31651, 31815, 31902, 32451, 32665, 32945, 32963, 33086, 33235, 33771, 33957, 34233, 34254, 34541, 34553, 34721, 34753, 34865, 34921, 35173, 35184, 35249, 36082, 36611, 36625, 36793, 37545, 38040, 38341, 38883, 38949, 39257, 39589, 39723, 39937, 40851, 41206, 41285, 41329, 41444, 41633, 41681, 41694, 41705, 42007, 42101, 42311, 42961, 43157, 43169, 43343, 43473, 43692, 43977, 44129, 44301, 44567, 45169, 45597, 45791, 46227, 46380, 46599, 46625, 46651, 46828, 47349, 47681, 47937, 48172, 48843, 48844, 49006, 49015, 49057, 49425, 49977, 50054, 50135, 50145, 50487, 50560, 51163, 51841, 53114, 53153, 53158, 53837, 54729, 54813, 54869, 54944, 55041, 55071, 55077, 55437, 56037, 56684, 56817, 56993, 57039, 57176, 57657, 58067, 58373, 58469, 58545, 59184, 59625, 60240, 60569, 60924, 61138, 61657, 62968, 63008, 63417, 63500, 63529, 63867, 64038, 64374, 64510, 65149, 65348, 65457, 65511]
Execution Time : 
- 54094 nanoseconds
- 0.054094 milliseconds
- 5.4094E-5 seconds
