File Name :caseA#5_3.in
Sort Algorithm Name : Pancake_Sort
Total of data : 256
Data Before Sorted :
[23909, 26553, 5411, 60056, 14186, 32230, 28233, 44701, 43137, 25632, 16235, 10937, 63379, 45681, 22177, 14571, 5145, 60417, 54750, 37691, 8802, 24441, 50950, 34598, 24441, 50159, 40922, 11456, 20853, 56765, 63618, 13233, 47498, 48261, 30383, 61532, 11185, 11937, 10559, 17842, 34601, 47925, 61353, 5058, 7185, 32386, 19361, 53651, 34029, 62727, 18431, 43865, 23840, 59125, 41362, 6989, 40009, 43064, 64299, 49105, 23715, 45473, 2689, 23393, 40531, 37691, 12105, 34149, 14502, 8049, 25005, 36334, 60521, 43798, 18769, 17909, 5993, 52484, 27531, 55300, 63669, 59605, 57701, 62177, 1121, 49937, 44791, 38737, 12969, 36360, 53795, 31905, 17028, 50874, 45220, 64598, 42781, 59009, 60051, 19319, 55741, 26285, 64981, 4305, 41177, 7761, 44891, 22137, 37858, 24123, 16081, 57927, 44897, 27811, 60721, 52978, 58771, 34611, 50243, 60881, 41017, 13073, 58370, 6339, 62133, 59691, 45321, 3937, 54257, 23637, 25739, 17168, 14966, 27787, 12361, 56287, 38543, 2589, 3862, 39927, 5341, 6587, 23240, 16897, 2644, 63224, 29233, 20183, 65295, 55549, 27968, 22533, 56321, 47181, 48169, 17330, 26558, 29605, 1365, 36692, 57961, 32521, 55763, 12897, 1807, 32561, 17971, 50485, 61139, 44328, 62225, 59089, 53047, 40181, 23077, 56363, 12521, 21117, 35857, 5263, 1227, 61421, 33292, 44164, 49603, 6921, 10465, 47329, 2674, 63935, 63289, 7072, 56130, 35973, 57737, 30229, 41338, 21905, 44257, 26954, 41039, 18137, 4228, 1485, 21501, 37173, 13217, 5048, 29441, 2689, 54111, 1941, 17916, 47815, 48723, 9017, 25343, 40828, 51709, 17025, 63166, 6678, 4358, 45301, 50041, 59013, 43410, 58512, 52367, 32337, 44843, 31665, 2393, 17619, 1639, 54824, 2195, 53517, 17103, 57745, 4807, 28036, 6761, 45193, 4329, 11729, 7761, 5485, 54711, 1138, 5760, 43479, 41999, 52729, 33489, 23361]
Data after sorted :
[1121, 1138, 1227, 1365, 1485, 1639, 1807, 1941, 2195, 2393, 2589, 2644, 2674, 2689, 2689, 3862, 3937, 4228, 4305, 4329, 4358, 4807, 5048, 5058, 5145, 5263, 5341, 5411, 5485, 5760, 5993, 6339, 6587, 6678, 6761, 6921, 6989, 7072, 7185, 7761, 7761, 8049, 8802, 9017, 10465, 10559, 10937, 11185, 11456, 11729, 11937, 12105, 12361, 12521, 12897, 12969, 13073, 13217, 13233, 14186, 14502, 14571, 14966, 16081, 16235, 16897, 17025, 17028, 17103, 17168, 17330, 17619, 17842, 17909, 17916, 17971, 18137, 18431, 18769, 19319, 19361, 20183, 20853, 21117, 21501, 21905, 22137, 22177, 22533, 23077, 23240, 23361, 23393, 23637, 23715, 23840, 23909, 24123, 24441, 24441, 25005, 25343, 25632, 25739, 26285, 26553, 26558, 26954, 27531, 27787, 27811, 27968, 28036, 28233, 29233, 29441, 29605, 30229, 30383, 31665, 31905, 32230, 32337, 32386, 32521, 32561, 33292, 33489, 34029, 34149, 34598, 34601, 34611, 35857, 35973, 36334, 36360, 36692, 37173, 37691, 37691, 37858, 38543, 38737, 39927, 40009, 40181, 40531, 40828, 40922, 41017, 41039, 41177, 41338, 41362, 41999, 42781, 43064, 43137, 43410, 43479, 43798, 43865, 44164, 44257, 44328, 44701, 44791, 44843, 44891, 44897, 45193, 45220, 45301, 45321, 45473, 45681, 47181, 47329, 47498, 47815, 47925, 48169, 48261, 48723, 49105, 49603, 49937, 50041, 50159, 50243, 50485, 50874, 50950, 51709, 52367, 52484, 52729, 52978, 53047, 53517, 53651, 53795, 54111, 54257, 54711, 54750, 54824, 55300, 55549, 55741, 55763, 56130, 56287, 56321, 56363, 56765, 57701, 57737, 57745, 57927, 57961, 58370, 58512, 58771, 59009, 59013, 59089, 59125, 59605, 59691, 60051, 60056, 60417, 60521, 60721, 60881, 61139, 61353, 61421, 61532, 62133, 62177, 62225, 62727, 63166, 63224, 63289, 63379, 63618, 63669, 63935, 64299, 64598, 64981, 65295]
Execution Time : 
- 140657 nanoseconds
- 0.140657 milliseconds
- 1.40657E-4 seconds
