File Name :caseA#5_2.in
Sort Algorithm Name : Pancake_Sort
Total of data : 256
Data Before Sorted :
[64017, 44028, 41175, 58265, 60289, 11021, 22385, 63900, 9120, 21897, 24165, 63024, 28959, 1704, 5633, 42267, 18949, 55969, 52557, 44721, 28199, 45340, 27857, 12763, 29913, 21737, 59201, 61484, 41897, 21700, 22537, 64796, 37201, 58753, 1879, 1385, 13794, 14861, 44863, 25766, 43981, 40447, 56689, 105, 15758, 59349, 10161, 17038, 54127, 828, 61720, 60784, 20067, 57623, 18897, 49780, 56214, 14387, 27751, 51273, 57755, 11391, 52233, 26367, 10027, 64842, 7191, 21595, 2064, 25149, 30786, 2681, 58349, 61853, 17729, 49637, 18730, 38009, 4835, 47285, 51878, 8545, 131, 63286, 52807, 7605, 43814, 23313, 56341, 52703, 54963, 21249, 18757, 48429, 31889, 34733, 15345, 50421, 63985, 23377, 3461, 60273, 41244, 30323, 65531, 24352, 47856, 33843, 12073, 10225, 1953, 45339, 46195, 29336, 11115, 9715, 29681, 64129, 36700, 38563, 35637, 6749, 35853, 62783, 3753, 3133, 45951, 31857, 42433, 23201, 30365, 10782, 49839, 65095, 4349, 37141, 48753, 16013, 18760, 43653, 30038, 23350, 44383, 40481, 45225, 401, 64865, 52416, 42128, 15265, 19229, 53815, 60387, 17749, 48321, 64426, 36713, 41972, 55080, 12597, 6956, 5053, 40774, 50082, 61409, 40705, 63555, 62313, 53602, 10711, 60675, 29705, 60745, 32869, 37926, 28253, 9601, 33554, 26933, 5348, 12646, 51061, 56697, 48604, 34423, 28333, 17496, 30998, 45447, 31351, 54979, 45159, 33369, 49345, 26913, 44953, 55299, 4939, 60051, 30781, 42001, 33329, 64833, 13761, 60416, 36439, 28857, 15827, 37483, 59407, 59569, 30861, 29611, 10950, 22441, 27777, 57750, 48939, 31765, 57265, 16681, 57093, 27322, 19319, 30362, 42541, 31725, 9847, 5132, 29697, 35237, 57908, 5969, 45825, 63263, 46469, 55069, 15430, 50337, 20243, 15259, 63215, 49572, 36465, 53005, 37241, 61644, 52552, 42055, 21929, 6374, 61725, 11415, 41639, 9411, 56721]
Data after sorted :
[105, 131, 401, 828, 1385, 1704, 1879, 1953, 2064, 2681, 3133, 3461, 3753, 4349, 4835, 4939, 5053, 5132, 5348, 5633, 5969, 6374, 6749, 6956, 7191, 7605, 8545, 9120, 9411, 9601, 9715, 9847, 10027, 10161, 10225, 10711, 10782, 10950, 11021, 11115, 11391, 11415, 12073, 12597, 12646, 12763, 13761, 13794, 14387, 14861, 15259, 15265, 15345, 15430, 15758, 15827, 16013, 16681, 17038, 17496, 17729, 17749, 18730, 18757, 18760, 18897, 18949, 19229, 19319, 20067, 20243, 21249, 21595, 21700, 21737, 21897, 21929, 22385, 22441, 22537, 23201, 23313, 23350, 23377, 24165, 24352, 25149, 25766, 26367, 26913, 26933, 27322, 27751, 27777, 27857, 28199, 28253, 28333, 28857, 28959, 29336, 29611, 29681, 29697, 29705, 29913, 30038, 30323, 30362, 30365, 30781, 30786, 30861, 30998, 31351, 31725, 31765, 31857, 31889, 32869, 33329, 33369, 33554, 33843, 34423, 34733, 35237, 35637, 35853, 36439, 36465, 36700, 36713, 37141, 37201, 37241, 37483, 37926, 38009, 38563, 40447, 40481, 40705, 40774, 41175, 41244, 41639, 41897, 41972, 42001, 42055, 42128, 42267, 42433, 42541, 43653, 43814, 43981, 44028, 44383, 44721, 44863, 44953, 45159, 45225, 45339, 45340, 45447, 45825, 45951, 46195, 46469, 47285, 47856, 48321, 48429, 48604, 48753, 48939, 49345, 49572, 49637, 49780, 49839, 50082, 50337, 50421, 51061, 51273, 51878, 52233, 52416, 52552, 52557, 52703, 52807, 53005, 53602, 53815, 54127, 54963, 54979, 55069, 55080, 55299, 55969, 56214, 56341, 56689, 56697, 56721, 57093, 57265, 57623, 57750, 57755, 57908, 58265, 58349, 58753, 59201, 59349, 59407, 59569, 60051, 60273, 60289, 60387, 60416, 60675, 60745, 60784, 61409, 61484, 61644, 61720, 61725, 61853, 62313, 62783, 63024, 63215, 63263, 63286, 63555, 63900, 63985, 64017, 64129, 64426, 64796, 64833, 64842, 64865, 65095, 65531]
Execution Time : 
- 139405 nanoseconds
- 0.139405 milliseconds
- 1.39405E-4 seconds
