File Name :caseB#3_7.in
Sort Algorithm Name : Pancake_Sort
Total of data : 64
Data Before Sorted :
[53, 117, 152, 155, 287, 314, 317, 333, 353, 441, 489, 633, 899, 1009, 1081, 1129, 1203, 1265, 1267, 1311, 1315, 1385, 1459, 1497, 1501, 1511, 1559, 1589, 1605, 1794, 1796, 1805, 1831, 1883, 1946, 2121, 2136, 2229, 2333, 2493, 2557, 2721, 2902, 3036, 3104, 3217, 3225, 3311, 3471, 3504, 3505, 3529, 3532, 3533, 3549, 3679, 3721, 3741, 3785, 3835, 3848, 3880, 3969, 4060]
Data after sorted :
[53, 117, 152, 155, 287, 314, 317, 333, 353, 441, 489, 633, 899, 1009, 1081, 1129, 1203, 1265, 1267, 1311, 1315, 1385, 1459, 1497, 1501, 1511, 1559, 1589, 1605, 1794, 1796, 1805, 1831, 1883, 1946, 2121, 2136, 2229, 2333, 2493, 2557, 2721, 2902, 3036, 3104, 3217, 3225, 3311, 3471, 3504, 3505, 3529, 3532, 3533, 3549, 3679, 3721, 3741, 3785, 3835, 3848, 3880, 3969, 4060]
Execution Time : 
- 5659 nanoseconds
- 0.005659 milliseconds
- 5.659E-6 seconds
