File Name :caseF#5_9.in
Sort Algorithm Name : Pancake_Sort
Total of data : 256
Data Before Sorted :
[12, 15, 9, 5, 7, 1, 11, 3, 1, 7, 12, 8, 7, 11, 1, 5, 10, 9, 7, 1, 1, 5, 13, 5, 9, 7, 9, 16, 14, 12, 7, 16, 3, 2, 4, 5, 5, 5, 13, 1, 1, 3, 10, 8, 1, 5, 1, 5, 1, 7, 15, 1, 9, 16, 3, 1, 6, 11, 3, 15, 8, 2, 15, 16, 3, 1, 1, 16, 9, 5, 9, 14, 5, 7, 5, 1, 13, 8, 5, 15, 5, 7, 1, 3, 2, 15, 3, 3, 15, 7, 7, 3, 12, 6, 9, 1, 11, 1, 5, 14, 3, 9, 4, 16, 1, 5, 8, 8, 16, 11, 10, 12, 16, 9, 3, 3, 15, 2, 16, 1, 12, 12, 9, 6, 5, 10, 13, 13, 5, 1, 13, 7, 5, 14, 14, 16, 1, 4, 16, 3, 15, 9, 1, 1, 9, 15, 9, 13, 4, 9, 11, 9, 6, 5, 11, 9, 11, 11, 6, 11, 7, 5, 2, 1, 1, 11, 4, 3, 3, 15, 5, 9, 11, 1, 1, 5, 2, 1, 13, 5, 3, 14, 1, 9, 9, 1, 1, 6, 6, 14, 8, 5, 10, 13, 14, 5, 1, 3, 16, 3, 1, 16, 12, 7, 1, 15, 15, 13, 9, 9, 1, 5, 15, 15, 4, 3, 1, 13, 13, 16, 6, 5, 10, 1, 5, 8, 9, 5, 1, 15, 11, 1, 1, 2, 1, 1, 4, 1, 14, 9, 9, 1, 11, 9, 1, 7, 15, 4, 3, 1, 5, 2, 11, 11, 3, 14]
Data after sorted :
[1, 1, 1, 1, 1, 1, 1, 1, 1, 1, 1, 1, 1, 1, 1, 1, 1, 1, 1, 1, 1, 1, 1, 1, 1, 1, 1, 1, 1, 1, 1, 1, 1, 1, 1, 1, 1, 1, 1, 1, 1, 1, 1, 1, 1, 1, 1, 2, 2, 2, 2, 2, 2, 2, 2, 3, 3, 3, 3, 3, 3, 3, 3, 3, 3, 3, 3, 3, 3, 3, 3, 3, 3, 3, 3, 3, 3, 4, 4, 4, 4, 4, 4, 4, 4, 5, 5, 5, 5, 5, 5, 5, 5, 5, 5, 5, 5, 5, 5, 5, 5, 5, 5, 5, 5, 5, 5, 5, 5, 5, 5, 5, 5, 5, 5, 5, 6, 6, 6, 6, 6, 6, 6, 6, 7, 7, 7, 7, 7, 7, 7, 7, 7, 7, 7, 7, 7, 7, 7, 8, 8, 8, 8, 8, 8, 8, 8, 9, 9, 9, 9, 9, 9, 9, 9, 9, 9, 9, 9, 9, 9, 9, 9, 9, 9, 9, 9, 9, 9, 9, 9, 9, 9, 10, 10, 10, 10, 10, 10, 11, 11, 11, 11, 11, 11, 11, 11, 11, 11, 11, 11, 11, 11, 11, 11, 12, 12, 12, 12, 12, 12, 12, 12, 13, 13, 13, 13, 13, 13, 13, 13, 13, 13, 13, 13, 14, 14, 14, 14, 14, 14, 14, 14, 14, 14, 15, 15, 15, 15, 15, 15, 15, 15, 15, 15, 15, 15, 15, 15, 15, 15, 15, 16, 16, 16, 16, 16, 16, 16, 16, 16, 16, 16, 16, 16, 16]
Execution Time : 
- 181372 nanoseconds
- 0.181372 milliseconds
- 1.81372E-4 seconds
