File Name :caseD#4_1.in
Sort Algorithm Name : Pancake_Sort
Total of data : 128
Data Before Sorted :
[93, 221, 479, 720, 755, 1057, 1121, 1188, 1277, 1329, 1441, 1601, 1673, 1825, 1901, 1911, 2030, 2093, 2113, 2175, 2192, 2298, 2649, 2687, 2897, 2979, 2989, 3037, 3099, 3285, 3309, 3329, 3387, 3474, 3537, 3575, 3709, 3747, 3809, 3821, 3959, 4150, 4331, 4451, 4757, 4772, 4837, 4924, 5121, 5200, 5490, 5505, 5527, 5611, 5826, 5869, 5996, 6011, 6053, 6085, 6235, 6238, 6446, 6581, 6633, 6775, 7429, 7471, 7727, 7785, 7829, 7914, 7995, 8309, 8311, 8362, 8405, 8457, 8461, 9022, 9293, 9345, 9383, 9489, 9575, 9690, 9837, 9858, 9950, 10032, 10979, 11041, 11078, 11147, 11265, 11271, 11730, 11861, 12011, 12207, 12457, 12697, 12710, 12742, 12976, 13229, 13388, 13649, 13793, 13855, 14293, 14561, 14805, 14825, 14923, 15105, 15257, 15319, 15331, 15377, 15601, 15905, 16359, 16361, 16362, 3917, 9400, 11640]
Data after sorted :
[93, 221, 479, 720, 755, 1057, 1121, 1188, 1277, 1329, 1441, 1601, 1673, 1825, 1901, 1911, 2030, 2093, 2113, 2175, 2192, 2298, 2649, 2687, 2897, 2979, 2989, 3037, 3099, 3285, 3309, 3329, 3387, 3474, 3537, 3575, 3709, 3747, 3809, 3821, 3917, 3959, 4150, 4331, 4451, 4757, 4772, 4837, 4924, 5121, 5200, 5490, 5505, 5527, 5611, 5826, 5869, 5996, 6011, 6053, 6085, 6235, 6238, 6446, 6581, 6633, 6775, 7429, 7471, 7727, 7785, 7829, 7914, 7995, 8309, 8311, 8362, 8405, 8457, 8461, 9022, 9293, 9345, 9383, 9400, 9489, 9575, 9690, 9837, 9858, 9950, 10032, 10979, 11041, 11078, 11147, 11265, 11271, 11640, 11730, 11861, 12011, 12207, 12457, 12697, 12710, 12742, 12976, 13229, 13388, 13649, 13793, 13855, 14293, 14561, 14805, 14825, 14923, 15105, 15257, 15319, 15331, 15377, 15601, 15905, 16359, 16361, 16362]
Execution Time : 
- 19397 nanoseconds
- 0.019397 milliseconds
- 1.9397E-5 seconds
