File Name :caseD#3_5.in
Sort Algorithm Name : Pancake_Sort
Total of data : 64
Data Before Sorted :
[33, 117, 219, 289, 321, 337, 338, 555, 641, 661, 937, 1041, 1121, 1163, 1174, 1254, 1261, 1289, 1313, 1357, 1393, 1417, 1485, 1521, 1602, 1665, 1809, 1897, 1952, 2050, 2117, 2180, 2222, 2225, 2390, 2429, 2773, 2791, 2820, 2969, 2975, 2980, 3031, 3049, 3059, 3123, 3208, 3213, 3249, 3256, 3331, 3509, 3553, 3571, 3588, 3651, 3773, 3781, 3797, 3863, 4090, 1433, 529, 3195]
Data after sorted :
[33, 117, 219, 289, 321, 337, 338, 529, 555, 641, 661, 937, 1041, 1121, 1163, 1174, 1254, 1261, 1289, 1313, 1357, 1393, 1417, 1433, 1485, 1521, 1602, 1665, 1809, 1897, 1952, 2050, 2117, 2180, 2222, 2225, 2390, 2429, 2773, 2791, 2820, 2969, 2975, 2980, 3031, 3049, 3059, 3123, 3195, 3208, 3213, 3249, 3256, 3331, 3509, 3553, 3571, 3588, 3651, 3773, 3781, 3797, 3863, 4090]
Execution Time : 
- 8054 nanoseconds
- 0.008054 milliseconds
- 8.054000000000001E-6 seconds
