File Name :caseB#2_7.in
Sort Algorithm Name : Pancake_Sort
Total of data : 32
Data Before Sorted :
[67, 165, 185, 188, 228, 265, 269, 278, 289, 321, 345, 385, 510, 518, 545, 602, 637, 641, 661, 663, 702, 704, 708, 721, 737, 777, 831, 853, 937, 962, 991, 1005]
Data after sorted :
[67, 165, 185, 188, 228, 265, 269, 278, 289, 321, 345, 385, 510, 518, 545, 602, 637, 641, 661, 663, 702, 704, 708, 721, 737, 777, 831, 853, 937, 962, 991, 1005]
Execution Time : 
- 2818 nanoseconds
- 0.002818 milliseconds
- 2.8180000000000004E-6 seconds
