File Name :caseF#4_9.in
Sort Algorithm Name : Pancake_Sort
Total of data : 128
Data Before Sorted :
[6, 3, 9, 7, 2, 10, 4, 1, 7, 11, 7, 6, 5, 1, 10, 2, 11, 1, 6, 2, 1, 2, 1, 6, 3, 8, 8, 3, 6, 10, 7, 4, 3, 1, 9, 5, 2, 1, 4, 1, 11, 1, 4, 9, 8, 6, 5, 2, 6, 8, 8, 7, 11, 11, 3, 9, 4, 1, 2, 9, 10, 5, 6, 11, 6, 6, 8, 1, 10, 3, 1, 6, 2, 11, 7, 3, 5, 9, 7, 4, 10, 2, 6, 3, 4, 10, 9, 2, 7, 1, 2, 3, 3, 8, 2, 3, 3, 2, 8, 1, 5, 9, 5, 10, 1, 7, 11, 6, 4, 2, 1, 1, 1, 5, 1, 6, 7, 7, 7, 3, 1, 9, 1, 10, 2, 7, 8, 7]
Data after sorted :
[1, 1, 1, 1, 1, 1, 1, 1, 1, 1, 1, 1, 1, 1, 1, 1, 1, 1, 1, 1, 1, 2, 2, 2, 2, 2, 2, 2, 2, 2, 2, 2, 2, 2, 2, 2, 3, 3, 3, 3, 3, 3, 3, 3, 3, 3, 3, 3, 3, 4, 4, 4, 4, 4, 4, 4, 4, 5, 5, 5, 5, 5, 5, 5, 5, 6, 6, 6, 6, 6, 6, 6, 6, 6, 6, 6, 6, 6, 6, 7, 7, 7, 7, 7, 7, 7, 7, 7, 7, 7, 7, 7, 7, 8, 8, 8, 8, 8, 8, 8, 8, 8, 9, 9, 9, 9, 9, 9, 9, 9, 9, 10, 10, 10, 10, 10, 10, 10, 10, 10, 11, 11, 11, 11, 11, 11, 11, 11]
Execution Time : 
- 73384 nanoseconds
- 0.073384 milliseconds
- 7.3384E-5 seconds
