File Name :caseC#4_9.in
Sort Algorithm Name : Pancake_Sort
Total of data : 128
Data Before Sorted :
[16254, 16249, 16235, 16127, 15938, 15897, 15793, 15127, 15064, 15044, 15015, 15013, 14744, 14667, 14635, 14633, 14624, 14353, 14223, 14124, 14081, 14055, 13969, 13901, 13754, 13749, 13688, 13687, 13441, 13313, 13257, 13089, 13037, 12866, 12794, 12716, 12707, 12527, 12481, 12466, 12389, 12021, 11958, 11785, 11742, 11659, 11554, 11521, 11503, 11499, 11434, 11359, 11081, 11006, 10867, 10847, 10828, 10777, 10713, 10557, 10443, 10343, 10209, 10167, 10137, 10046, 9998, 9705, 9481, 9356, 9278, 9216, 8773, 8577, 8461, 8449, 8378, 8362, 8355, 8199, 8197, 8003, 7969, 7918, 7890, 7759, 7681, 7361, 7129, 6913, 6876, 6725, 6639, 5507, 5457, 5089, 4571, 4343, 4249, 4041, 3953, 3593, 3570, 3547, 2915, 2771, 2581, 2412, 2337, 2281, 2203, 2044, 1721, 1605, 1604, 1573, 1559, 1537, 1334, 1198, 1157, 905, 751, 745, 688, 492, 240, 115]
Data after sorted :
[115, 240, 492, 688, 745, 751, 905, 1157, 1198, 1334, 1537, 1559, 1573, 1604, 1605, 1721, 2044, 2203, 2281, 2337, 2412, 2581, 2771, 2915, 3547, 3570, 3593, 3953, 4041, 4249, 4343, 4571, 5089, 5457, 5507, 6639, 6725, 6876, 6913, 7129, 7361, 7681, 7759, 7890, 7918, 7969, 8003, 8197, 8199, 8355, 8362, 8378, 8449, 8461, 8577, 8773, 9216, 9278, 9356, 9481, 9705, 9998, 10046, 10137, 10167, 10209, 10343, 10443, 10557, 10713, 10777, 10828, 10847, 10867, 11006, 11081, 11359, 11434, 11499, 11503, 11521, 11554, 11659, 11742, 11785, 11958, 12021, 12389, 12466, 12481, 12527, 12707, 12716, 12794, 12866, 13037, 13089, 13257, 13313, 13441, 13687, 13688, 13749, 13754, 13901, 13969, 14055, 14081, 14124, 14223, 14353, 14624, 14633, 14635, 14667, 14744, 15013, 15015, 15044, 15064, 15127, 15793, 15897, 15938, 16127, 16235, 16249, 16254]
Execution Time : 
- 15579 nanoseconds
- 0.015579 milliseconds
- 1.5579E-5 seconds
