File Name :caseA#3_2.in
Sort Algorithm Name : Pancake_Sort
Total of data : 64
Data Before Sorted :
[1218, 1464, 3429, 633, 955, 1562, 298, 2099, 2969, 2979, 1498, 3707, 66, 2133, 3585, 1285, 2151, 230, 2837, 1174, 1026, 3153, 3459, 389, 1928, 2899, 1413, 3797, 4061, 3519, 2778, 1513, 1617, 3188, 3865, 265, 323, 3065, 1729, 2355, 2133, 2121, 2302, 185, 1093, 2400, 3373, 1909, 97, 1514, 2437, 529, 909, 575, 1361, 2765, 1332, 1574, 2152, 2657, 3353, 1944, 4001, 3469]
Data after sorted :
[66, 97, 185, 230, 265, 298, 323, 389, 529, 575, 633, 909, 955, 1026, 1093, 1174, 1218, 1285, 1332, 1361, 1413, 1464, 1498, 1513, 1514, 1562, 1574, 1617, 1729, 1909, 1928, 1944, 2099, 2121, 2133, 2133, 2151, 2152, 2302, 2355, 2400, 2437, 2657, 2765, 2778, 2837, 2899, 2969, 2979, 3065, 3153, 3188, 3353, 3373, 3429, 3459, 3469, 3519, 3585, 3707, 3797, 3865, 4001, 4061]
Execution Time : 
- 21339 nanoseconds
- 0.021339 milliseconds
- 2.1339E-5 seconds
