File Name :caseC#5_9.in
Sort Algorithm Name : Pancake_Sort
Total of data : 256
Data Before Sorted :
[65486, 64907, 64551, 64433, 64258, 63592, 63441, 63345, 63321, 63011, 62825, 62719, 61885, 61731, 61421, 61278, 61092, 61035, 60529, 60129, 59889, 59621, 59333, 59112, 58995, 58987, 58787, 58589, 58435, 58337, 58321, 57841, 57697, 57497, 57455, 57191, 56837, 56282, 56056, 55894, 55781, 55553, 55191, 54591, 54345, 53961, 53958, 53745, 53729, 53727, 53697, 53563, 53066, 52949, 52769, 52583, 52461, 52079, 51853, 51807, 51470, 51089, 50905, 50901, 50625, 50437, 50125, 49952, 49851, 49798, 49701, 49551, 49537, 47368, 47205, 47038, 46957, 46741, 46693, 46615, 46611, 46591, 46537, 45917, 45126, 44545, 44129, 43755, 43695, 43057, 42760, 42381, 42255, 42189, 42046, 41931, 41720, 41667, 41607, 41029, 41021, 40964, 40945, 40769, 40723, 40705, 40701, 40593, 40481, 39537, 39285, 39225, 39221, 39209, 38785, 38337, 38322, 38109, 38093, 37585, 37170, 37041, 37020, 36895, 36609, 36579, 36098, 35425, 35307, 35017, 34487, 34449, 33924, 33699, 33657, 33516, 33291, 32897, 32506, 32441, 32265, 31630, 31487, 31475, 31253, 30871, 30577, 30209, 30113, 29279, 29205, 28531, 28353, 28349, 27886, 27612, 27568, 27115, 26529, 26337, 26265, 26157, 25667, 25469, 24869, 24838, 24673, 24473, 24289, 24271, 24114, 23940, 23507, 23346, 22907, 22557, 22327, 21989, 21913, 21537, 20917, 20865, 20545, 19947, 19929, 19465, 19233, 18185, 17757, 17623, 17517, 17486, 17302, 17105, 16982, 16629, 16481, 16223, 15681, 15401, 15361, 14943, 14453, 14353, 14289, 14201, 13999, 13847, 13697, 13296, 13253, 12797, 12589, 12257, 12251, 11972, 11841, 11561, 11329, 11208, 10473, 10211, 10100, 9867, 9726, 9245, 8785, 8698, 8293, 7981, 7949, 7495, 7493, 7389, 6869, 6757, 6307, 5987, 5984, 5514, 5441, 5196, 4893, 4545, 3793, 3753, 3684, 3381, 2525, 2327, 2193, 1935, 1277, 875, 705, 46]
Data after sorted :
[46, 705, 875, 1277, 1935, 2193, 2327, 2525, 3381, 3684, 3753, 3793, 4545, 4893, 5196, 5441, 5514, 5984, 5987, 6307, 6757, 6869, 7389, 7493, 7495, 7949, 7981, 8293, 8698, 8785, 9245, 9726, 9867, 10100, 10211, 10473, 11208, 11329, 11561, 11841, 11972, 12251, 12257, 12589, 12797, 13253, 13296, 13697, 13847, 13999, 14201, 14289, 14353, 14453, 14943, 15361, 15401, 15681, 16223, 16481, 16629, 16982, 17105, 17302, 17486, 17517, 17623, 17757, 18185, 19233, 19465, 19929, 19947, 20545, 20865, 20917, 21537, 21913, 21989, 22327, 22557, 22907, 23346, 23507, 23940, 24114, 24271, 24289, 24473, 24673, 24838, 24869, 25469, 25667, 26157, 26265, 26337, 26529, 27115, 27568, 27612, 27886, 28349, 28353, 28531, 29205, 29279, 30113, 30209, 30577, 30871, 31253, 31475, 31487, 31630, 32265, 32441, 32506, 32897, 33291, 33516, 33657, 33699, 33924, 34449, 34487, 35017, 35307, 35425, 36098, 36579, 36609, 36895, 37020, 37041, 37170, 37585, 38093, 38109, 38322, 38337, 38785, 39209, 39221, 39225, 39285, 39537, 40481, 40593, 40701, 40705, 40723, 40769, 40945, 40964, 41021, 41029, 41607, 41667, 41720, 41931, 42046, 42189, 42255, 42381, 42760, 43057, 43695, 43755, 44129, 44545, 45126, 45917, 46537, 46591, 46611, 46615, 46693, 46741, 46957, 47038, 47205, 47368, 49537, 49551, 49701, 49798, 49851, 49952, 50125, 50437, 50625, 50901, 50905, 51089, 51470, 51807, 51853, 52079, 52461, 52583, 52769, 52949, 53066, 53563, 53697, 53727, 53729, 53745, 53958, 53961, 54345, 54591, 55191, 55553, 55781, 55894, 56056, 56282, 56837, 57191, 57455, 57497, 57697, 57841, 58321, 58337, 58435, 58589, 58787, 58987, 58995, 59112, 59333, 59621, 59889, 60129, 60529, 61035, 61092, 61278, 61421, 61731, 61885, 62719, 62825, 63011, 63321, 63345, 63441, 63592, 64258, 64433, 64551, 64907, 65486]
Execution Time : 
- 53739 nanoseconds
- 0.053739 milliseconds
- 5.3739E-5 seconds
