File Name :caseB#5_1.in
Sort Algorithm Name : Pancake_Sort
Total of data : 256
Data Before Sorted :
[290, 687, 1957, 2333, 2829, 3065, 3601, 3708, 4001, 4049, 4336, 4345, 4409, 4500, 4551, 4689, 4913, 5157, 5797, 6360, 6956, 7039, 7445, 7570, 7885, 8163, 8773, 9290, 9367, 9580, 9595, 9807, 10081, 10387, 10525, 10926, 10937, 11003, 11301, 11501, 11673, 11723, 11811, 11903, 12273, 12309, 12654, 12753, 12776, 12918, 12967, 13003, 13251, 13723, 14370, 14465, 14492, 14641, 14721, 14992, 15378, 15409, 15753, 16288, 16383, 17017, 17388, 17795, 18527, 18545, 18824, 18884, 19008, 19306, 19501, 19873, 20123, 20196, 20337, 21085, 21860, 22059, 22111, 22761, 22781, 22933, 23138, 23281, 23289, 23297, 23553, 23577, 23599, 23809, 24223, 24239, 24315, 24416, 24644, 24709, 25262, 25273, 25404, 25749, 25833, 25887, 26380, 26769, 26843, 26981, 27101, 27641, 27653, 28057, 28172, 28217, 28221, 28505, 29129, 29537, 29731, 29825, 29833, 30783, 30789, 31613, 31654, 31865, 31965, 32013, 32153, 34117, 35124, 35201, 35429, 35748, 35910, 36005, 36277, 37031, 37365, 37373, 37529, 37763, 37889, 38331, 38354, 39016, 39587, 39990, 40529, 40681, 41257, 41751, 41978, 42441, 42461, 42637, 42639, 43113, 44267, 44449, 44502, 44673, 44737, 44746, 45083, 45249, 45354, 45379, 45915, 45934, 45999, 46049, 46199, 46219, 46395, 46717, 46733, 46977, 47009, 47085, 47105, 47466, 47577, 47841, 48012, 48221, 48533, 48553, 48586, 48707, 48865, 49376, 49729, 50065, 50266, 50702, 51066, 51209, 51713, 53085, 53099, 53761, 54019, 54045, 54055, 54099, 54524, 54657, 54828, 54877, 54977, 55169, 55419, 55473, 55928, 56077, 56121, 56363, 56605, 56929, 56965, 56983, 57421, 57483, 58157, 58237, 58242, 58396, 58719, 59302, 59344, 59521, 59777, 60017, 60167, 60323, 60383, 60711, 60957, 61241, 61425, 61505, 62032, 62268, 62353, 62473, 63247, 63379, 63843, 64138, 64353, 64603, 64625, 65050]
Data after sorted :
[290, 687, 1957, 2333, 2829, 3065, 3601, 3708, 4001, 4049, 4336, 4345, 4409, 4500, 4551, 4689, 4913, 5157, 5797, 6360, 6956, 7039, 7445, 7570, 7885, 8163, 8773, 9290, 9367, 9580, 9595, 9807, 10081, 10387, 10525, 10926, 10937, 11003, 11301, 11501, 11673, 11723, 11811, 11903, 12273, 12309, 12654, 12753, 12776, 12918, 12967, 13003, 13251, 13723, 14370, 14465, 14492, 14641, 14721, 14992, 15378, 15409, 15753, 16288, 16383, 17017, 17388, 17795, 18527, 18545, 18824, 18884, 19008, 19306, 19501, 19873, 20123, 20196, 20337, 21085, 21860, 22059, 22111, 22761, 22781, 22933, 23138, 23281, 23289, 23297, 23553, 23577, 23599, 23809, 24223, 24239, 24315, 24416, 24644, 24709, 25262, 25273, 25404, 25749, 25833, 25887, 26380, 26769, 26843, 26981, 27101, 27641, 27653, 28057, 28172, 28217, 28221, 28505, 29129, 29537, 29731, 29825, 29833, 30783, 30789, 31613, 31654, 31865, 31965, 32013, 32153, 34117, 35124, 35201, 35429, 35748, 35910, 36005, 36277, 37031, 37365, 37373, 37529, 37763, 37889, 38331, 38354, 39016, 39587, 39990, 40529, 40681, 41257, 41751, 41978, 42441, 42461, 42637, 42639, 43113, 44267, 44449, 44502, 44673, 44737, 44746, 45083, 45249, 45354, 45379, 45915, 45934, 45999, 46049, 46199, 46219, 46395, 46717, 46733, 46977, 47009, 47085, 47105, 47466, 47577, 47841, 48012, 48221, 48533, 48553, 48586, 48707, 48865, 49376, 49729, 50065, 50266, 50702, 51066, 51209, 51713, 53085, 53099, 53761, 54019, 54045, 54055, 54099, 54524, 54657, 54828, 54877, 54977, 55169, 55419, 55473, 55928, 56077, 56121, 56363, 56605, 56929, 56965, 56983, 57421, 57483, 58157, 58237, 58242, 58396, 58719, 59302, 59344, 59521, 59777, 60017, 60167, 60323, 60383, 60711, 60957, 61241, 61425, 61505, 62032, 62268, 62353, 62473, 63247, 63379, 63843, 64138, 64353, 64603, 64625, 65050]
Execution Time : 
- 53861 nanoseconds
- 0.053861 milliseconds
- 5.3861E-5 seconds
