File Name :caseC#3_3.in
Sort Algorithm Name : Pancake_Sort
Total of data : 64
Data Before Sorted :
[4073, 4070, 4052, 4033, 3833, 3777, 3762, 3704, 3668, 3587, 3582, 3562, 3542, 3420, 3389, 3348, 3225, 3173, 3121, 3044, 2975, 2919, 2837, 2733, 2713, 2561, 2525, 2241, 2237, 2225, 2032, 1947, 1926, 1905, 1889, 1888, 1696, 1647, 1643, 1637, 1625, 1607, 1593, 1493, 1482, 1463, 1361, 1310, 1221, 1199, 1060, 904, 875, 841, 769, 747, 610, 456, 373, 226, 209, 114, 73, 40]
Data after sorted :
[40, 73, 114, 209, 226, 373, 456, 610, 747, 769, 841, 875, 904, 1060, 1199, 1221, 1310, 1361, 1463, 1482, 1493, 1593, 1607, 1625, 1637, 1643, 1647, 1696, 1888, 1889, 1905, 1926, 1947, 2032, 2225, 2237, 2241, 2525, 2561, 2713, 2733, 2837, 2919, 2975, 3044, 3121, 3173, 3225, 3348, 3389, 3420, 3542, 3562, 3582, 3587, 3668, 3704, 3762, 3777, 3833, 4033, 4052, 4070, 4073]
Execution Time : 
- 6185 nanoseconds
- 0.006185 milliseconds
- 6.185E-6 seconds
