File Name :caseD#4_3.in
Sort Algorithm Name : Pancake_Sort
Total of data : 128
Data Before Sorted :
[8, 93, 205, 681, 823, 865, 1011, 1147, 1187, 1218, 1219, 1473, 1489, 1735, 1851, 1861, 2182, 2877, 2882, 2967, 3033, 3063, 3201, 3373, 3654, 3897, 3901, 3971, 3979, 4064, 4073, 4177, 4277, 4671, 4705, 5236, 5428, 5497, 5574, 5665, 5706, 5761, 5817, 6093, 6127, 6170, 6262, 6363, 6629, 6948, 7272, 7365, 7457, 7527, 7569, 7591, 7721, 7744, 7792, 7960, 7990, 8071, 8081, 8193, 8231, 8329, 8377, 8425, 8536, 8588, 8671, 8737, 8806, 9113, 9444, 9830, 9877, 10257, 10315, 10412, 10451, 10485, 10599, 10636, 10663, 10746, 10953, 11109, 11126, 11377, 11385, 11468, 11537, 11579, 11589, 11785, 11849, 11891, 12499, 12755, 12889, 13159, 13175, 13377, 13441, 13645, 13709, 13757, 13788, 14177, 14197, 14337, 14625, 14637, 14685, 14837, 15014, 15021, 15201, 15347, 15361, 15399, 15667, 15732, 16178, 7005, 3817, 15165]
Data after sorted :
[8, 93, 205, 681, 823, 865, 1011, 1147, 1187, 1218, 1219, 1473, 1489, 1735, 1851, 1861, 2182, 2877, 2882, 2967, 3033, 3063, 3201, 3373, 3654, 3817, 3897, 3901, 3971, 3979, 4064, 4073, 4177, 4277, 4671, 4705, 5236, 5428, 5497, 5574, 5665, 5706, 5761, 5817, 6093, 6127, 6170, 6262, 6363, 6629, 6948, 7005, 7272, 7365, 7457, 7527, 7569, 7591, 7721, 7744, 7792, 7960, 7990, 8071, 8081, 8193, 8231, 8329, 8377, 8425, 8536, 8588, 8671, 8737, 8806, 9113, 9444, 9830, 9877, 10257, 10315, 10412, 10451, 10485, 10599, 10636, 10663, 10746, 10953, 11109, 11126, 11377, 11385, 11468, 11537, 11579, 11589, 11785, 11849, 11891, 12499, 12755, 12889, 13159, 13175, 13377, 13441, 13645, 13709, 13757, 13788, 14177, 14197, 14337, 14625, 14637, 14685, 14837, 15014, 15021, 15165, 15201, 15347, 15361, 15399, 15667, 15732, 16178]
Execution Time : 
- 20624 nanoseconds
- 0.020624 milliseconds
- 2.0624E-5 seconds
