File Name :caseB#5_4.in
Sort Algorithm Name : Pancake_Sort
Total of data : 256
Data Before Sorted :
[210, 645, 897, 1295, 1629, 1717, 1781, 1889, 2333, 2709, 2730, 2863, 3023, 3329, 3944, 4037, 4095, 4111, 4701, 4889, 5221, 5535, 5569, 5854, 6095, 6256, 6784, 7253, 7537, 7884, 7941, 8217, 8827, 9289, 9373, 9447, 9635, 9868, 10289, 10529, 10814, 11307, 11638, 12013, 12289, 12381, 12435, 12945, 13099, 13630, 13856, 14131, 14695, 14714, 15027, 15183, 15297, 16043, 16237, 16538, 16565, 16821, 16972, 17761, 17796, 18318, 19888, 20094, 20113, 20169, 20515, 20745, 20883, 21189, 21197, 21241, 21413, 21790, 21929, 22261, 22857, 23000, 23393, 23591, 23595, 24153, 24201, 25320, 25327, 25729, 26069, 26635, 27023, 27052, 27135, 27201, 27206, 27641, 27648, 27685, 28093, 28100, 28687, 28797, 28883, 28895, 29195, 29449, 29753, 29862, 29893, 30127, 30198, 31449, 31487, 32001, 32204, 32298, 32398, 32457, 32511, 32923, 33135, 33433, 33685, 33929, 34643, 34709, 34799, 34853, 35011, 35217, 35327, 35397, 35450, 35702, 35757, 36643, 36737, 36809, 37441, 37529, 37817, 38259, 38383, 38768, 38817, 39161, 39315, 39357, 40121, 40173, 40448, 40449, 40481, 40535, 40536, 40888, 40901, 40945, 41135, 41527, 42455, 42637, 43475, 43868, 44305, 45059, 45385, 45451, 45567, 45837, 46121, 46262, 46649, 46877, 46931, 46985, 47048, 47176, 47270, 47797, 48003, 48185, 48386, 48591, 48641, 48657, 49665, 49768, 50290, 50717, 50725, 50779, 51040, 51123, 51600, 51657, 51827, 52472, 52537, 52538, 52907, 53125, 53147, 53189, 53313, 53517, 53745, 53755, 54028, 54689, 54908, 55381, 55429, 55945, 56201, 56306, 56389, 56749, 56763, 56849, 57045, 57058, 57184, 58071, 58116, 58349, 58596, 58811, 58972, 59185, 59271, 59537, 59581, 59694, 60313, 60365, 60457, 60849, 61218, 61335, 61533, 61672, 61689, 61857, 61993, 62051, 62901, 63324, 63361, 64139, 64744, 64937, 64946, 65227]
Data after sorted :
[210, 645, 897, 1295, 1629, 1717, 1781, 1889, 2333, 2709, 2730, 2863, 3023, 3329, 3944, 4037, 4095, 4111, 4701, 4889, 5221, 5535, 5569, 5854, 6095, 6256, 6784, 7253, 7537, 7884, 7941, 8217, 8827, 9289, 9373, 9447, 9635, 9868, 10289, 10529, 10814, 11307, 11638, 12013, 12289, 12381, 12435, 12945, 13099, 13630, 13856, 14131, 14695, 14714, 15027, 15183, 15297, 16043, 16237, 16538, 16565, 16821, 16972, 17761, 17796, 18318, 19888, 20094, 20113, 20169, 20515, 20745, 20883, 21189, 21197, 21241, 21413, 21790, 21929, 22261, 22857, 23000, 23393, 23591, 23595, 24153, 24201, 25320, 25327, 25729, 26069, 26635, 27023, 27052, 27135, 27201, 27206, 27641, 27648, 27685, 28093, 28100, 28687, 28797, 28883, 28895, 29195, 29449, 29753, 29862, 29893, 30127, 30198, 31449, 31487, 32001, 32204, 32298, 32398, 32457, 32511, 32923, 33135, 33433, 33685, 33929, 34643, 34709, 34799, 34853, 35011, 35217, 35327, 35397, 35450, 35702, 35757, 36643, 36737, 36809, 37441, 37529, 37817, 38259, 38383, 38768, 38817, 39161, 39315, 39357, 40121, 40173, 40448, 40449, 40481, 40535, 40536, 40888, 40901, 40945, 41135, 41527, 42455, 42637, 43475, 43868, 44305, 45059, 45385, 45451, 45567, 45837, 46121, 46262, 46649, 46877, 46931, 46985, 47048, 47176, 47270, 47797, 48003, 48185, 48386, 48591, 48641, 48657, 49665, 49768, 50290, 50717, 50725, 50779, 51040, 51123, 51600, 51657, 51827, 52472, 52537, 52538, 52907, 53125, 53147, 53189, 53313, 53517, 53745, 53755, 54028, 54689, 54908, 55381, 55429, 55945, 56201, 56306, 56389, 56749, 56763, 56849, 57045, 57058, 57184, 58071, 58116, 58349, 58596, 58811, 58972, 59185, 59271, 59537, 59581, 59694, 60313, 60365, 60457, 60849, 61218, 61335, 61533, 61672, 61689, 61857, 61993, 62051, 62901, 63324, 63361, 64139, 64744, 64937, 64946, 65227]
Execution Time : 
- 59129 nanoseconds
- 0.059129 milliseconds
- 5.9129E-5 seconds
