File Name :caseC#4_5.in
Sort Algorithm Name : Pancake_Sort
Total of data : 128
Data Before Sorted :
[16003, 15681, 15207, 15154, 14648, 14429, 14341, 14335, 14222, 14161, 13620, 13603, 13265, 13260, 13177, 13121, 12961, 12655, 12639, 12599, 12581, 12513, 12497, 12493, 12041, 11841, 11453, 11249, 11166, 11056, 11041, 11035, 10969, 10961, 10940, 10873, 10389, 10321, 10285, 10110, 9990, 9865, 9777, 9610, 9559, 9409, 9010, 8982, 8832, 8777, 8393, 8344, 8251, 8017, 7908, 7901, 7711, 7697, 7277, 7042, 7034, 7029, 6903, 6825, 6578, 6545, 6196, 6033, 6003, 6002, 5905, 5785, 5660, 5443, 5187, 5125, 5018, 4844, 4833, 4827, 4687, 4221, 4072, 3936, 3860, 3751, 3569, 3483, 3454, 3378, 3373, 3194, 3169, 2997, 2889, 2843, 2807, 2650, 2587, 2533, 2415, 2345, 2341, 2263, 2176, 2139, 1928, 1890, 1843, 1799, 1708, 1667, 1657, 1595, 1515, 1505, 1308, 1089, 878, 835, 809, 563, 425, 389, 323, 322, 202, 34]
Data after sorted :
[34, 202, 322, 323, 389, 425, 563, 809, 835, 878, 1089, 1308, 1505, 1515, 1595, 1657, 1667, 1708, 1799, 1843, 1890, 1928, 2139, 2176, 2263, 2341, 2345, 2415, 2533, 2587, 2650, 2807, 2843, 2889, 2997, 3169, 3194, 3373, 3378, 3454, 3483, 3569, 3751, 3860, 3936, 4072, 4221, 4687, 4827, 4833, 4844, 5018, 5125, 5187, 5443, 5660, 5785, 5905, 6002, 6003, 6033, 6196, 6545, 6578, 6825, 6903, 7029, 7034, 7042, 7277, 7697, 7711, 7901, 7908, 8017, 8251, 8344, 8393, 8777, 8832, 8982, 9010, 9409, 9559, 9610, 9777, 9865, 9990, 10110, 10285, 10321, 10389, 10873, 10940, 10961, 10969, 11035, 11041, 11056, 11166, 11249, 11453, 11841, 12041, 12493, 12497, 12513, 12581, 12599, 12639, 12655, 12961, 13121, 13177, 13260, 13265, 13603, 13620, 14161, 14222, 14335, 14341, 14429, 14648, 15154, 15207, 15681, 16003]
Execution Time : 
- 18116 nanoseconds
- 0.018116 milliseconds
- 1.8116E-5 seconds
