File Name :caseD#3_7.in
Sort Algorithm Name : Pancake_Sort
Total of data : 64
Data Before Sorted :
[99, 109, 133, 174, 223, 261, 273, 321, 345, 434, 580, 584, 597, 614, 665, 676, 697, 855, 887, 929, 1017, 1025, 1089, 1197, 1249, 1270, 1395, 1499, 1585, 1858, 1961, 2049, 2061, 2073, 2117, 2255, 2419, 2425, 2441, 2607, 2700, 2709, 2763, 2845, 2951, 3007, 3117, 3162, 3176, 3241, 3333, 3507, 3515, 3585, 3629, 3777, 3823, 3877, 3961, 4005, 4065, 539, 2508, 895]
Data after sorted :
[99, 109, 133, 174, 223, 261, 273, 321, 345, 434, 539, 580, 584, 597, 614, 665, 676, 697, 855, 887, 895, 929, 1017, 1025, 1089, 1197, 1249, 1270, 1395, 1499, 1585, 1858, 1961, 2049, 2061, 2073, 2117, 2255, 2419, 2425, 2441, 2508, 2607, 2700, 2709, 2763, 2845, 2951, 3007, 3117, 3162, 3176, 3241, 3333, 3507, 3515, 3585, 3629, 3777, 3823, 3877, 3961, 4005, 4065]
Execution Time : 
- 8587 nanoseconds
- 0.008587 milliseconds
- 8.587E-6 seconds
