File Name :caseC#5_1.in
Sort Algorithm Name : Pancake_Sort
Total of data : 256
Data Before Sorted :
[65409, 65252, 64701, 64695, 64642, 64473, 63489, 63245, 63241, 62982, 62969, 62861, 62771, 62427, 62346, 62131, 61901, 61815, 61793, 61391, 60801, 60297, 60073, 60022, 60003, 59985, 59937, 59407, 59334, 59153, 58913, 58845, 58567, 57327, 57313, 57113, 56928, 56829, 56465, 56409, 56074, 55817, 55481, 55414, 55037, 54497, 54147, 54144, 54029, 53089, 52505, 52225, 52208, 51905, 51837, 51760, 51222, 50887, 50845, 50805, 50379, 50321, 50161, 49757, 49700, 49583, 49225, 49116, 48933, 48741, 48591, 48585, 48174, 48011, 47297, 47089, 46653, 46343, 46193, 46086, 45915, 45909, 45513, 44857, 44752, 44139, 44124, 44053, 44008, 43912, 43316, 42968, 42697, 42609, 42498, 42491, 41991, 41417, 40641, 40439, 40325, 40250, 40132, 39903, 39827, 39045, 38570, 38118, 37824, 36633, 36567, 36493, 36361, 36141, 35416, 35403, 34985, 34893, 34281, 34177, 34115, 32979, 32755, 32753, 32419, 32121, 31405, 30411, 30145, 30092, 29857, 29794, 29766, 29619, 29468, 29185, 28779, 28621, 28038, 27959, 26859, 26449, 25845, 25241, 25153, 25011, 24407, 24211, 24177, 23984, 23809, 23405, 23119, 23113, 22995, 22993, 22900, 22853, 22801, 22637, 22625, 22529, 22433, 22362, 21949, 21919, 21895, 21229, 21080, 20780, 20633, 20485, 20241, 19415, 19041, 18829, 18449, 18371, 17935, 17735, 17652, 17414, 17385, 17304, 17017, 16626, 16455, 15561, 15381, 14875, 14817, 14417, 14035, 13502, 13358, 12838, 12726, 12674, 12647, 12367, 12131, 11793, 11521, 11447, 11445, 11425, 11420, 11259, 11104, 10949, 10303, 10279, 10277, 10156, 10069, 9889, 9763, 9571, 9475, 9109, 8770, 8332, 8097, 8022, 7369, 7217, 6791, 6335, 6273, 5967, 5609, 5256, 5173, 4999, 4816, 4669, 4192, 4134, 4017, 3788, 3318, 3301, 3213, 3132, 2963, 2789, 2573, 1735, 1629, 1349, 1213, 1206, 1140, 485, 411, 161]
Data after sorted :
[161, 411, 485, 1140, 1206, 1213, 1349, 1629, 1735, 2573, 2789, 2963, 3132, 3213, 3301, 3318, 3788, 4017, 4134, 4192, 4669, 4816, 4999, 5173, 5256, 5609, 5967, 6273, 6335, 6791, 7217, 7369, 8022, 8097, 8332, 8770, 9109, 9475, 9571, 9763, 9889, 10069, 10156, 10277, 10279, 10303, 10949, 11104, 11259, 11420, 11425, 11445, 11447, 11521, 11793, 12131, 12367, 12647, 12674, 12726, 12838, 13358, 13502, 14035, 14417, 14817, 14875, 15381, 15561, 16455, 16626, 17017, 17304, 17385, 17414, 17652, 17735, 17935, 18371, 18449, 18829, 19041, 19415, 20241, 20485, 20633, 20780, 21080, 21229, 21895, 21919, 21949, 22362, 22433, 22529, 22625, 22637, 22801, 22853, 22900, 22993, 22995, 23113, 23119, 23405, 23809, 23984, 24177, 24211, 24407, 25011, 25153, 25241, 25845, 26449, 26859, 27959, 28038, 28621, 28779, 29185, 29468, 29619, 29766, 29794, 29857, 30092, 30145, 30411, 31405, 32121, 32419, 32753, 32755, 32979, 34115, 34177, 34281, 34893, 34985, 35403, 35416, 36141, 36361, 36493, 36567, 36633, 37824, 38118, 38570, 39045, 39827, 39903, 40132, 40250, 40325, 40439, 40641, 41417, 41991, 42491, 42498, 42609, 42697, 42968, 43316, 43912, 44008, 44053, 44124, 44139, 44752, 44857, 45513, 45909, 45915, 46086, 46193, 46343, 46653, 47089, 47297, 48011, 48174, 48585, 48591, 48741, 48933, 49116, 49225, 49583, 49700, 49757, 50161, 50321, 50379, 50805, 50845, 50887, 51222, 51760, 51837, 51905, 52208, 52225, 52505, 53089, 54029, 54144, 54147, 54497, 55037, 55414, 55481, 55817, 56074, 56409, 56465, 56829, 56928, 57113, 57313, 57327, 58567, 58845, 58913, 59153, 59334, 59407, 59937, 59985, 60003, 60022, 60073, 60297, 60801, 61391, 61793, 61815, 61901, 62131, 62346, 62427, 62771, 62861, 62969, 62982, 63241, 63245, 63489, 64473, 64642, 64695, 64701, 65252, 65409]
Execution Time : 
- 54817 nanoseconds
- 0.054817 milliseconds
- 5.4817E-5 seconds
