File Name :caseA#4_1.in
Sort Algorithm Name : Pancake_Sort
Total of data : 128
Data Before Sorted :
[15045, 1793, 6307, 16087, 429, 3169, 4905, 11545, 2321, 10293, 15439, 5661, 5177, 9986, 8159, 3583, 15905, 9479, 5777, 12325, 12901, 8714, 15875, 5853, 6977, 13117, 3501, 15379, 2862, 2879, 6005, 4985, 4489, 10163, 4065, 1325, 6625, 3432, 587, 13692, 3459, 27, 4497, 3313, 12521, 7430, 9521, 15161, 1467, 1665, 12073, 417, 6145, 10408, 15212, 9405, 4449, 5093, 11946, 8014, 12627, 1501, 15859, 14491, 7853, 6374, 10677, 6457, 3129, 2993, 14773, 10593, 6335, 3145, 8329, 14382, 103, 10751, 992, 14870, 14032, 13329, 10229, 15648, 10713, 10055, 15074, 10172, 7649, 13142, 14411, 957, 8569, 14554, 14081, 1325, 14533, 5784, 13713, 11374, 6438, 3746, 12920, 12069, 7593, 8235, 5050, 4810, 5475, 8889, 7411, 7802, 8267, 1634, 13285, 6513, 6869, 9463, 1030, 2005, 15542, 15906, 6385, 11123, 8773, 7624, 8867, 9781]
Data after sorted :
[27, 103, 417, 429, 587, 957, 992, 1030, 1325, 1325, 1467, 1501, 1634, 1665, 1793, 2005, 2321, 2862, 2879, 2993, 3129, 3145, 3169, 3313, 3432, 3459, 3501, 3583, 3746, 4065, 4449, 4489, 4497, 4810, 4905, 4985, 5050, 5093, 5177, 5475, 5661, 5777, 5784, 5853, 6005, 6145, 6307, 6335, 6374, 6385, 6438, 6457, 6513, 6625, 6869, 6977, 7411, 7430, 7593, 7624, 7649, 7802, 7853, 8014, 8159, 8235, 8267, 8329, 8569, 8714, 8773, 8867, 8889, 9405, 9463, 9479, 9521, 9781, 9986, 10055, 10163, 10172, 10229, 10293, 10408, 10593, 10677, 10713, 10751, 11123, 11374, 11545, 11946, 12069, 12073, 12325, 12521, 12627, 12901, 12920, 13117, 13142, 13285, 13329, 13692, 13713, 14032, 14081, 14382, 14411, 14491, 14533, 14554, 14773, 14870, 15045, 15074, 15161, 15212, 15379, 15439, 15542, 15648, 15859, 15875, 15905, 15906, 16087]
Execution Time : 
- 41669 nanoseconds
- 0.041669 milliseconds
- 4.1669E-5 seconds
