File Name :caseC#5_5.in
Sort Algorithm Name : Pancake_Sort
Total of data : 256
Data Before Sorted :
[65481, 64549, 64310, 64223, 64186, 63873, 63851, 63806, 63291, 63187, 63136, 63000, 62748, 62660, 62621, 62545, 62401, 62205, 62147, 62065, 61734, 61595, 61347, 61245, 60913, 60838, 60795, 60705, 60312, 60245, 59882, 59837, 59713, 59621, 59295, 59229, 58921, 58833, 57949, 57209, 57179, 56856, 56673, 55873, 55641, 55597, 55134, 55121, 55006, 54801, 54551, 54544, 54533, 54451, 54365, 54249, 53972, 53401, 53380, 53375, 53265, 52909, 52865, 52391, 51017, 50960, 50409, 50297, 50258, 49505, 49437, 49377, 49165, 49113, 49102, 49011, 48697, 48565, 48344, 48217, 47533, 47383, 47377, 46767, 46181, 45705, 45131, 44961, 43933, 43399, 43001, 42881, 42726, 42115, 42031, 41857, 41629, 41597, 41453, 41086, 40965, 40409, 40247, 40142, 39775, 39333, 39261, 38837, 38259, 38165, 38161, 37978, 37929, 37575, 36913, 36438, 36429, 36291, 36249, 35593, 35239, 35159, 35121, 35005, 34745, 34585, 33913, 33849, 33457, 33321, 33127, 32761, 31015, 30759, 30361, 30173, 29941, 29560, 29551, 29478, 28953, 28624, 28510, 28035, 27561, 27329, 27165, 27031, 27009, 26209, 24899, 24481, 24209, 23806, 23587, 23578, 23563, 23325, 22938, 22897, 22873, 22481, 22241, 22101, 22077, 21937, 21359, 21297, 21249, 20569, 20337, 20323, 20231, 19761, 19361, 18947, 18919, 18859, 18848, 18525, 18036, 17977, 17889, 17815, 17760, 17741, 17483, 17481, 17297, 17237, 16791, 16684, 16481, 15504, 15489, 15345, 15109, 15063, 15035, 14753, 14609, 14523, 14509, 14491, 13921, 13725, 13665, 13337, 13328, 13245, 12899, 12686, 12563, 12491, 11957, 11745, 11716, 10937, 10541, 9706, 9651, 8478, 8133, 7684, 7487, 7414, 7217, 6918, 6833, 6657, 6339, 6194, 5985, 5635, 5405, 5361, 4649, 4642, 4307, 3939, 3535, 3305, 2961, 2945, 2941, 2872, 2795, 2567, 2517, 2327, 1429, 1231, 1069, 519, 355, 266]
Data after sorted :
[266, 355, 519, 1069, 1231, 1429, 2327, 2517, 2567, 2795, 2872, 2941, 2945, 2961, 3305, 3535, 3939, 4307, 4642, 4649, 5361, 5405, 5635, 5985, 6194, 6339, 6657, 6833, 6918, 7217, 7414, 7487, 7684, 8133, 8478, 9651, 9706, 10541, 10937, 11716, 11745, 11957, 12491, 12563, 12686, 12899, 13245, 13328, 13337, 13665, 13725, 13921, 14491, 14509, 14523, 14609, 14753, 15035, 15063, 15109, 15345, 15489, 15504, 16481, 16684, 16791, 17237, 17297, 17481, 17483, 17741, 17760, 17815, 17889, 17977, 18036, 18525, 18848, 18859, 18919, 18947, 19361, 19761, 20231, 20323, 20337, 20569, 21249, 21297, 21359, 21937, 22077, 22101, 22241, 22481, 22873, 22897, 22938, 23325, 23563, 23578, 23587, 23806, 24209, 24481, 24899, 26209, 27009, 27031, 27165, 27329, 27561, 28035, 28510, 28624, 28953, 29478, 29551, 29560, 29941, 30173, 30361, 30759, 31015, 32761, 33127, 33321, 33457, 33849, 33913, 34585, 34745, 35005, 35121, 35159, 35239, 35593, 36249, 36291, 36429, 36438, 36913, 37575, 37929, 37978, 38161, 38165, 38259, 38837, 39261, 39333, 39775, 40142, 40247, 40409, 40965, 41086, 41453, 41597, 41629, 41857, 42031, 42115, 42726, 42881, 43001, 43399, 43933, 44961, 45131, 45705, 46181, 46767, 47377, 47383, 47533, 48217, 48344, 48565, 48697, 49011, 49102, 49113, 49165, 49377, 49437, 49505, 50258, 50297, 50409, 50960, 51017, 52391, 52865, 52909, 53265, 53375, 53380, 53401, 53972, 54249, 54365, 54451, 54533, 54544, 54551, 54801, 55006, 55121, 55134, 55597, 55641, 55873, 56673, 56856, 57179, 57209, 57949, 58833, 58921, 59229, 59295, 59621, 59713, 59837, 59882, 60245, 60312, 60705, 60795, 60838, 60913, 61245, 61347, 61595, 61734, 62065, 62147, 62205, 62401, 62545, 62621, 62660, 62748, 63000, 63136, 63187, 63291, 63806, 63851, 63873, 64186, 64223, 64310, 64549, 65481]
Execution Time : 
- 55087 nanoseconds
- 0.055087 milliseconds
- 5.5086999999999996E-5 seconds
