File Name :caseC#4_6.in
Sort Algorithm Name : Pancake_Sort
Total of data : 128
Data Before Sorted :
[16265, 16221, 16217, 16039, 15921, 15883, 15829, 15648, 15543, 15533, 15423, 15421, 15409, 15335, 15268, 15249, 15161, 15003, 14971, 14741, 14101, 13925, 13873, 13589, 13569, 13433, 13132, 13069, 13027, 12993, 12964, 12761, 12595, 12584, 12502, 12253, 11961, 11933, 11796, 11649, 11617, 11273, 11239, 11157, 11106, 11057, 10571, 10409, 10365, 10361, 10313, 10113, 10079, 9945, 9843, 9593, 9589, 9404, 9303, 9279, 9111, 8751, 8594, 8503, 8427, 8201, 8191, 8109, 7977, 7930, 7889, 7871, 7689, 7365, 7221, 7125, 6911, 6177, 6169, 6083, 5947, 5900, 5857, 5827, 5645, 5581, 5321, 5165, 4794, 4373, 4339, 4277, 4055, 4042, 3974, 3249, 3057, 2920, 2657, 2479, 2273, 2218, 2113, 2101, 2089, 2049, 1968, 1903, 1870, 1795, 1619, 1597, 1517, 1325, 1289, 1258, 1249, 1092, 677, 669, 652, 527, 513, 392, 273, 163, 67, 31]
Data after sorted :
[31, 67, 163, 273, 392, 513, 527, 652, 669, 677, 1092, 1249, 1258, 1289, 1325, 1517, 1597, 1619, 1795, 1870, 1903, 1968, 2049, 2089, 2101, 2113, 2218, 2273, 2479, 2657, 2920, 3057, 3249, 3974, 4042, 4055, 4277, 4339, 4373, 4794, 5165, 5321, 5581, 5645, 5827, 5857, 5900, 5947, 6083, 6169, 6177, 6911, 7125, 7221, 7365, 7689, 7871, 7889, 7930, 7977, 8109, 8191, 8201, 8427, 8503, 8594, 8751, 9111, 9279, 9303, 9404, 9589, 9593, 9843, 9945, 10079, 10113, 10313, 10361, 10365, 10409, 10571, 11057, 11106, 11157, 11239, 11273, 11617, 11649, 11796, 11933, 11961, 12253, 12502, 12584, 12595, 12761, 12964, 12993, 13027, 13069, 13132, 13433, 13569, 13589, 13873, 13925, 14101, 14741, 14971, 15003, 15161, 15249, 15268, 15335, 15409, 15421, 15423, 15533, 15543, 15648, 15829, 15883, 15921, 16039, 16217, 16221, 16265]
Execution Time : 
- 18160 nanoseconds
- 0.01816 milliseconds
- 1.816E-5 seconds
