File Name :caseE#5_6.in
Sort Algorithm Name : Pancake_Sort
Total of data : 256
Data Before Sorted :
[675, 929, 1189, 1193, 1275, 1537, 1868, 1928, 2003, 2631, 3023, 3177, 3631, 3657, 3737, 3787, 3817, 4883, 5305, 5417, 5644, 5937, 5984, 6045, 6113, 7574, 7642, 7958, 8350, 8401, 8797, 9209, 9235, 9897, 10025, 10259, 10464, 10477, 10502, 11065, 11250, 11769, 11801, 11884, 11909, 12434, 12451, 12757, 12938, 13262, 14295, 14444, 14609, 14827, 14985, 15019, 15031, 15069, 15295, 15810, 16217, 16993, 17559, 17732, 18241, 18273, 18323, 18348, 18431, 18529, 19665, 19937, 20012, 20057, 20113, 20486, 20737, 20836, 21053, 21126, 21190, 21377, 21449, 21530, 21932, 22412, 22596, 23009, 23129, 24388, 24545, 24861, 25095, 25284, 25458, 26035, 26201, 26210, 26456, 26809, 27390, 27616, 28336, 29707, 29753, 29921, 29955, 30417, 30583, 30776, 30922, 30943, 31394, 31806, 31827, 32273, 32609, 32763, 32885, 33553, 33687, 33959, 34006, 34261, 35249, 36911, 36956, 37609, 37699, 38357, 38832, 38983, 39269, 39650, 39982, 40398, 40421, 40767, 40865, 40947, 41489, 42089, 42291, 43473, 43921, 44164, 44504, 44510, 44611, 45501, 45616, 45885, 46248, 46809, 46885, 47081, 47199, 48057, 48289, 48478, 48771, 49105, 49113, 49413, 49685, 50041, 50607, 50653, 50753, 51021, 51189, 51881, 51949, 52117, 52221, 52676, 52677, 52705, 53257, 53469, 53639, 53919, 54220, 54539, 54599, 54713, 54767, 55448, 56158, 57456, 57688, 57721, 57825, 57874, 58203, 58527, 58577, 58739, 58967, 59193, 59313, 59509, 59893, 60593, 60736, 60960, 61167, 61301, 61422, 61447, 61695, 61753, 61937, 61953, 62665, 63003, 63057, 63065, 63099, 63326, 63509, 64123, 64325, 64347, 64497, 64541, 64627, 65209, 65241, 65441, 24667, 28497, 13064, 57912, 33201, 9, 16561, 22585, 12688, 38517, 61557, 33638, 63349, 20681, 13141, 46091, 28941, 55323, 13625, 45957, 65409, 4415, 7652, 26161, 28171, 50720]
Data after sorted :
[9, 675, 929, 1189, 1193, 1275, 1537, 1868, 1928, 2003, 2631, 3023, 3177, 3631, 3657, 3737, 3787, 3817, 4415, 4883, 5305, 5417, 5644, 5937, 5984, 6045, 6113, 7574, 7642, 7652, 7958, 8350, 8401, 8797, 9209, 9235, 9897, 10025, 10259, 10464, 10477, 10502, 11065, 11250, 11769, 11801, 11884, 11909, 12434, 12451, 12688, 12757, 12938, 13064, 13141, 13262, 13625, 14295, 14444, 14609, 14827, 14985, 15019, 15031, 15069, 15295, 15810, 16217, 16561, 16993, 17559, 17732, 18241, 18273, 18323, 18348, 18431, 18529, 19665, 19937, 20012, 20057, 20113, 20486, 20681, 20737, 20836, 21053, 21126, 21190, 21377, 21449, 21530, 21932, 22412, 22585, 22596, 23009, 23129, 24388, 24545, 24667, 24861, 25095, 25284, 25458, 26035, 26161, 26201, 26210, 26456, 26809, 27390, 27616, 28171, 28336, 28497, 28941, 29707, 29753, 29921, 29955, 30417, 30583, 30776, 30922, 30943, 31394, 31806, 31827, 32273, 32609, 32763, 32885, 33201, 33553, 33638, 33687, 33959, 34006, 34261, 35249, 36911, 36956, 37609, 37699, 38357, 38517, 38832, 38983, 39269, 39650, 39982, 40398, 40421, 40767, 40865, 40947, 41489, 42089, 42291, 43473, 43921, 44164, 44504, 44510, 44611, 45501, 45616, 45885, 45957, 46091, 46248, 46809, 46885, 47081, 47199, 48057, 48289, 48478, 48771, 49105, 49113, 49413, 49685, 50041, 50607, 50653, 50720, 50753, 51021, 51189, 51881, 51949, 52117, 52221, 52676, 52677, 52705, 53257, 53469, 53639, 53919, 54220, 54539, 54599, 54713, 54767, 55323, 55448, 56158, 57456, 57688, 57721, 57825, 57874, 57912, 58203, 58527, 58577, 58739, 58967, 59193, 59313, 59509, 59893, 60593, 60736, 60960, 61167, 61301, 61422, 61447, 61557, 61695, 61753, 61937, 61953, 62665, 63003, 63057, 63065, 63099, 63326, 63349, 63509, 64123, 64325, 64347, 64497, 64541, 64627, 65209, 65241, 65409, 65441]
Execution Time : 
- 80816 nanoseconds
- 0.080816 milliseconds
- 8.0816E-5 seconds
