File Name :caseE#3_9.in
Sort Algorithm Name : Pancake_Sort
Total of data : 64
Data Before Sorted :
[19, 63, 65, 207, 210, 325, 361, 409, 481, 493, 593, 696, 727, 791, 865, 876, 1161, 1185, 1201, 1373, 1425, 1633, 1839, 1870, 1977, 2045, 2253, 2273, 2300, 2497, 2517, 2565, 2587, 2625, 2641, 2733, 2735, 2853, 2881, 2885, 2892, 3189, 3301, 3399, 3415, 3483, 3577, 3579, 3725, 3752, 3761, 3779, 3894, 3911, 3914, 3940, 3949, 4081, 808, 1028, 1425, 1197, 1369, 3935]
Data after sorted :
[19, 63, 65, 207, 210, 325, 361, 409, 481, 493, 593, 696, 727, 791, 808, 865, 876, 1028, 1161, 1185, 1197, 1201, 1369, 1373, 1425, 1425, 1633, 1839, 1870, 1977, 2045, 2253, 2273, 2300, 2497, 2517, 2565, 2587, 2625, 2641, 2733, 2735, 2853, 2881, 2885, 2892, 3189, 3301, 3399, 3415, 3483, 3577, 3579, 3725, 3752, 3761, 3779, 3894, 3911, 3914, 3935, 3940, 3949, 4081]
Execution Time : 
- 7545 nanoseconds
- 0.007545 milliseconds
- 7.545E-6 seconds
