File Name :caseD#4_9.in
Sort Algorithm Name : Pancake_Sort
Total of data : 128
Data Before Sorted :
[32, 303, 536, 537, 658, 705, 1027, 1251, 1273, 1281, 1557, 1777, 2040, 2279, 2328, 2419, 2453, 2475, 2572, 2883, 2929, 2945, 2993, 3077, 3125, 3440, 3973, 4057, 4147, 4197, 4222, 4324, 4489, 4639, 4680, 4729, 4733, 4777, 4804, 4825, 4863, 4881, 4903, 4949, 5005, 5129, 5565, 5613, 5657, 5665, 6089, 6385, 6449, 6515, 6847, 6851, 7008, 7009, 7177, 7229, 7374, 7553, 7718, 7753, 7765, 7805, 7812, 7971, 8285, 8299, 8516, 8537, 8577, 8663, 8908, 8941, 9017, 9209, 9557, 9737, 9771, 9883, 9928, 9937, 10038, 10235, 10351, 10529, 10685, 10854, 10948, 11041, 11121, 11266, 11489, 11504, 11601, 11809, 11841, 12521, 12561, 13213, 13385, 13617, 13887, 13990, 14089, 14117, 14310, 14456, 14496, 14585, 14649, 14696, 14813, 14841, 14979, 14999, 15033, 15329, 15681, 15793, 15902, 15916, 16071, 3280, 12037, 7621]
Data after sorted :
[32, 303, 536, 537, 658, 705, 1027, 1251, 1273, 1281, 1557, 1777, 2040, 2279, 2328, 2419, 2453, 2475, 2572, 2883, 2929, 2945, 2993, 3077, 3125, 3280, 3440, 3973, 4057, 4147, 4197, 4222, 4324, 4489, 4639, 4680, 4729, 4733, 4777, 4804, 4825, 4863, 4881, 4903, 4949, 5005, 5129, 5565, 5613, 5657, 5665, 6089, 6385, 6449, 6515, 6847, 6851, 7008, 7009, 7177, 7229, 7374, 7553, 7621, 7718, 7753, 7765, 7805, 7812, 7971, 8285, 8299, 8516, 8537, 8577, 8663, 8908, 8941, 9017, 9209, 9557, 9737, 9771, 9883, 9928, 9937, 10038, 10235, 10351, 10529, 10685, 10854, 10948, 11041, 11121, 11266, 11489, 11504, 11601, 11809, 11841, 12037, 12521, 12561, 13213, 13385, 13617, 13887, 13990, 14089, 14117, 14310, 14456, 14496, 14585, 14649, 14696, 14813, 14841, 14979, 14999, 15033, 15329, 15681, 15793, 15902, 15916, 16071]
Execution Time : 
- 27706 nanoseconds
- 0.027706 milliseconds
- 2.7706000000000002E-5 seconds
