File Name :caseB#3_2.in
Sort Algorithm Name : Pancake_Sort
Total of data : 64
Data Before Sorted :
[139, 169, 206, 208, 348, 359, 475, 545, 679, 711, 765, 825, 874, 941, 1086, 1095, 1209, 1278, 1386, 1435, 1481, 1489, 1597, 1783, 1833, 1929, 1973, 1995, 2007, 2009, 2057, 2073, 2357, 2359, 2375, 2521, 2545, 2645, 2733, 2767, 2854, 2959, 2987, 3041, 3052, 3057, 3101, 3113, 3145, 3191, 3528, 3595, 3605, 3633, 3659, 3704, 3731, 3745, 3793, 3795, 3849, 3913, 3923, 4065]
Data after sorted :
[139, 169, 206, 208, 348, 359, 475, 545, 679, 711, 765, 825, 874, 941, 1086, 1095, 1209, 1278, 1386, 1435, 1481, 1489, 1597, 1783, 1833, 1929, 1973, 1995, 2007, 2009, 2057, 2073, 2357, 2359, 2375, 2521, 2545, 2645, 2733, 2767, 2854, 2959, 2987, 3041, 3052, 3057, 3101, 3113, 3145, 3191, 3528, 3595, 3605, 3633, 3659, 3704, 3731, 3745, 3793, 3795, 3849, 3913, 3923, 4065]
Execution Time : 
- 5177 nanoseconds
- 0.005177 milliseconds
- 5.177000000000001E-6 seconds
