File Name :caseB#4_1.in
Sort Algorithm Name : Pancake_Sort
Total of data : 128
Data Before Sorted :
[27, 70, 167, 229, 233, 249, 265, 273, 637, 803, 808, 849, 891, 1204, 1385, 1597, 1605, 1745, 1753, 1908, 1928, 1957, 2181, 2185, 2265, 2310, 2373, 2625, 2627, 2715, 3216, 3229, 3287, 3338, 3425, 3501, 3742, 3805, 3937, 3965, 4159, 4249, 4281, 4503, 4812, 4839, 4891, 5086, 5091, 5705, 5792, 6489, 6585, 6737, 6751, 6765, 6863, 7114, 7175, 7213, 7353, 7685, 7909, 7956, 7993, 8383, 8521, 8733, 8769, 8797, 9111, 9169, 9176, 9185, 9382, 9393, 9397, 9945, 9999, 10411, 10427, 10577, 10627, 10737, 10802, 10844, 11149, 11161, 11277, 11489, 11689, 11935, 12001, 12023, 12057, 12181, 12257, 12615, 12643, 12649, 12821, 12951, 12979, 13014, 13130, 13139, 13358, 13433, 13489, 13621, 14089, 14174, 14371, 14648, 14745, 14828, 14865, 14969, 15017, 15141, 15363, 15418, 15637, 15665, 16011, 16113, 16199, 16221]
Data after sorted :
[27, 70, 167, 229, 233, 249, 265, 273, 637, 803, 808, 849, 891, 1204, 1385, 1597, 1605, 1745, 1753, 1908, 1928, 1957, 2181, 2185, 2265, 2310, 2373, 2625, 2627, 2715, 3216, 3229, 3287, 3338, 3425, 3501, 3742, 3805, 3937, 3965, 4159, 4249, 4281, 4503, 4812, 4839, 4891, 5086, 5091, 5705, 5792, 6489, 6585, 6737, 6751, 6765, 6863, 7114, 7175, 7213, 7353, 7685, 7909, 7956, 7993, 8383, 8521, 8733, 8769, 8797, 9111, 9169, 9176, 9185, 9382, 9393, 9397, 9945, 9999, 10411, 10427, 10577, 10627, 10737, 10802, 10844, 11149, 11161, 11277, 11489, 11689, 11935, 12001, 12023, 12057, 12181, 12257, 12615, 12643, 12649, 12821, 12951, 12979, 13014, 13130, 13139, 13358, 13433, 13489, 13621, 14089, 14174, 14371, 14648, 14745, 14828, 14865, 14969, 15017, 15141, 15363, 15418, 15637, 15665, 16011, 16113, 16199, 16221]
Execution Time : 
- 15363 nanoseconds
- 0.015363 milliseconds
- 1.5363E-5 seconds
