File Name :caseB#4_10.in
Sort Algorithm Name : Pancake_Sort
Total of data : 128
Data Before Sorted :
[294, 304, 513, 577, 588, 647, 811, 1032, 1195, 1319, 1351, 1691, 1816, 1838, 1965, 2000, 2052, 2101, 2170, 2249, 2363, 2757, 3163, 3165, 3532, 3697, 3739, 3799, 3817, 3833, 3841, 3985, 4021, 4225, 4477, 4605, 4792, 4991, 5035, 5044, 5135, 5269, 5411, 5473, 5481, 5785, 5883, 5945, 6377, 6407, 6653, 6980, 7175, 7181, 7317, 7487, 7565, 7744, 7840, 7845, 7991, 8269, 8369, 8446, 8537, 8647, 8819, 9217, 9278, 9405, 9617, 9681, 9833, 9835, 10023, 10056, 10129, 10193, 10246, 10301, 10373, 10725, 11009, 11271, 11309, 11437, 11502, 11601, 11613, 11817, 11856, 11876, 12256, 12481, 12490, 12518, 12561, 12689, 12863, 13061, 13179, 13189, 13227, 13263, 13529, 13614, 13864, 13969, 14461, 14529, 14590, 14593, 14757, 14765, 14785, 14885, 14959, 15052, 15321, 15531, 15664, 15877, 15941, 16224, 16256, 16272, 16355, 16357]
Data after sorted :
[294, 304, 513, 577, 588, 647, 811, 1032, 1195, 1319, 1351, 1691, 1816, 1838, 1965, 2000, 2052, 2101, 2170, 2249, 2363, 2757, 3163, 3165, 3532, 3697, 3739, 3799, 3817, 3833, 3841, 3985, 4021, 4225, 4477, 4605, 4792, 4991, 5035, 5044, 5135, 5269, 5411, 5473, 5481, 5785, 5883, 5945, 6377, 6407, 6653, 6980, 7175, 7181, 7317, 7487, 7565, 7744, 7840, 7845, 7991, 8269, 8369, 8446, 8537, 8647, 8819, 9217, 9278, 9405, 9617, 9681, 9833, 9835, 10023, 10056, 10129, 10193, 10246, 10301, 10373, 10725, 11009, 11271, 11309, 11437, 11502, 11601, 11613, 11817, 11856, 11876, 12256, 12481, 12490, 12518, 12561, 12689, 12863, 13061, 13179, 13189, 13227, 13263, 13529, 13614, 13864, 13969, 14461, 14529, 14590, 14593, 14757, 14765, 14785, 14885, 14959, 15052, 15321, 15531, 15664, 15877, 15941, 16224, 16256, 16272, 16355, 16357]
Execution Time : 
- 15335 nanoseconds
- 0.015335 milliseconds
- 1.5334999999999998E-5 seconds
