File Name :caseF#3_10.in
Sort Algorithm Name : Pancake_Sort
Total of data : 64
Data Before Sorted :
[1, 1, 1, 5, 1, 8, 1, 1, 3, 5, 3, 1, 1, 8, 5, 3, 5, 4, 5, 4, 6, 6, 7, 7, 8, 1, 7, 1, 7, 2, 4, 3, 1, 5, 5, 3, 5, 1, 7, 5, 1, 6, 6, 7, 1, 3, 1, 1, 1, 6, 3, 1, 8, 8, 1, 1, 1, 1, 8, 5, 5, 6, 5, 1]
Data after sorted :
[1, 1, 1, 1, 1, 1, 1, 1, 1, 1, 1, 1, 1, 1, 1, 1, 1, 1, 1, 1, 1, 1, 1, 2, 3, 3, 3, 3, 3, 3, 3, 4, 4, 4, 5, 5, 5, 5, 5, 5, 5, 5, 5, 5, 5, 5, 6, 6, 6, 6, 6, 6, 7, 7, 7, 7, 7, 7, 8, 8, 8, 8, 8, 8]
Execution Time : 
- 13969 nanoseconds
- 0.013969 milliseconds
- 1.3969000000000001E-5 seconds
