File Name :caseF#6_1.in
Sort Algorithm Name : Pancake_Sort
Total of data : 512
Data Before Sorted :
[1, 19, 11, 2, 13, 3, 5, 21, 9, 7, 15, 9, 9, 21, 3, 3, 6, 6, 15, 22, 22, 11, 7, 4, 15, 15, 11, 4, 1, 7, 15, 18, 11, 21, 1, 3, 11, 5, 14, 5, 7, 8, 3, 5, 17, 1, 17, 7, 10, 15, 11, 5, 7, 1, 21, 3, 17, 13, 8, 7, 1, 1, 17, 5, 1, 15, 19, 10, 19, 3, 12, 5, 17, 1, 1, 16, 9, 12, 13, 22, 8, 3, 1, 15, 13, 13, 2, 15, 7, 21, 9, 5, 9, 15, 19, 7, 9, 16, 19, 1, 1, 1, 17, 17, 9, 3, 5, 21, 12, 9, 1, 9, 5, 1, 2, 12, 5, 13, 19, 21, 19, 3, 7, 21, 19, 16, 9, 4, 1, 6, 13, 1, 19, 17, 1, 3, 15, 3, 19, 18, 7, 8, 3, 11, 13, 14, 7, 3, 15, 11, 19, 4, 11, 3, 22, 12, 19, 4, 1, 9, 1, 5, 17, 7, 3, 17, 19, 8, 5, 5, 1, 18, 22, 17, 13, 1, 17, 9, 20, 12, 17, 7, 21, 14, 8, 9, 1, 13, 18, 15, 1, 13, 1, 12, 2, 11, 1, 14, 3, 15, 1, 11, 20, 1, 11, 1, 19, 11, 13, 1, 3, 10, 8, 7, 6, 9, 21, 17, 1, 17, 14, 4, 9, 2, 7, 11, 1, 21, 16, 9, 3, 19, 12, 20, 13, 3, 7, 17, 1, 11, 22, 15, 3, 7, 11, 1, 13, 3, 9, 1, 15, 3, 12, 12, 7, 22, 15, 7, 17, 7, 17, 19, 10, 3, 19, 1, 15, 18, 11, 13, 16, 3, 20, 11, 3, 10, 15, 17, 1, 11, 12, 1, 12, 1, 2, 5, 7, 20, 17, 17, 20, 12, 12, 3, 17, 19, 4, 3, 17, 21, 12, 13, 1, 3, 1, 7, 11, 11, 17, 12, 21, 15, 9, 12, 22, 17, 21, 4, 9, 13, 19, 9, 20, 1, 19, 1, 15, 15, 7, 15, 1, 21, 10, 17, 11, 3, 1, 20, 1, 20, 9, 15, 14, 3, 13, 22, 21, 15, 13, 1, 1, 11, 11, 3, 16, 19, 9, 20, 19, 15, 3, 14, 5, 4, 13, 3, 21, 12, 6, 12, 16, 22, 15, 19, 4, 7, 11, 15, 13, 11, 2, 6, 11, 6, 19, 9, 7, 9, 3, 7, 9, 17, 17, 1, 15, 17, 5, 3, 16, 7, 13, 19, 21, 11, 20, 21, 1, 12, 15, 5, 1, 19, 1, 12, 4, 3, 22, 13, 14, 4, 9, 1, 5, 14, 13, 1, 15, 22, 5, 12, 4, 22, 12, 18, 2, 15, 14, 13, 13, 1, 5, 13, 9, 16, 19, 4, 21, 11, 1, 9, 21, 19, 1, 18, 17, 5, 2, 9, 13, 12, 17, 11, 7, 18, 5, 15, 7, 5, 3, 19, 12, 2, 7, 14, 1, 5, 20, 20, 17, 18, 1, 13, 21, 11, 16, 14, 20, 21, 1, 15, 3, 15, 9, 22, 8, 8, 13, 7, 17, 4, 17, 1, 3, 10, 4, 19, 21, 10, 3, 8, 15, 18]
Data after sorted :
[1, 1, 1, 1, 1, 1, 1, 1, 1, 1, 1, 1, 1, 1, 1, 1, 1, 1, 1, 1, 1, 1, 1, 1, 1, 1, 1, 1, 1, 1, 1, 1, 1, 1, 1, 1, 1, 1, 1, 1, 1, 1, 1, 1, 1, 1, 1, 1, 1, 1, 1, 1, 1, 1, 1, 1, 1, 1, 1, 1, 1, 1, 2, 2, 2, 2, 2, 2, 2, 2, 2, 2, 3, 3, 3, 3, 3, 3, 3, 3, 3, 3, 3, 3, 3, 3, 3, 3, 3, 3, 3, 3, 3, 3, 3, 3, 3, 3, 3, 3, 3, 3, 3, 3, 3, 3, 3, 3, 3, 3, 3, 3, 3, 4, 4, 4, 4, 4, 4, 4, 4, 4, 4, 4, 4, 4, 4, 4, 4, 5, 5, 5, 5, 5, 5, 5, 5, 5, 5, 5, 5, 5, 5, 5, 5, 5, 5, 5, 5, 5, 5, 5, 5, 5, 6, 6, 6, 6, 6, 6, 6, 7, 7, 7, 7, 7, 7, 7, 7, 7, 7, 7, 7, 7, 7, 7, 7, 7, 7, 7, 7, 7, 7, 7, 7, 7, 7, 7, 7, 7, 7, 7, 7, 8, 8, 8, 8, 8, 8, 8, 8, 8, 8, 9, 9, 9, 9, 9, 9, 9, 9, 9, 9, 9, 9, 9, 9, 9, 9, 9, 9, 9, 9, 9, 9, 9, 9, 9, 9, 9, 9, 9, 9, 9, 10, 10, 10, 10, 10, 10, 10, 10, 11, 11, 11, 11, 11, 11, 11, 11, 11, 11, 11, 11, 11, 11, 11, 11, 11, 11, 11, 11, 11, 11, 11, 11, 11, 11, 11, 11, 11, 11, 11, 12, 12, 12, 12, 12, 12, 12, 12, 12, 12, 12, 12, 12, 12, 12, 12, 12, 12, 12, 12, 12, 12, 12, 12, 12, 13, 13, 13, 13, 13, 13, 13, 13, 13, 13, 13, 13, 13, 13, 13, 13, 13, 13, 13, 13, 13, 13, 13, 13, 13, 13, 13, 13, 13, 13, 14, 14, 14, 14, 14, 14, 14, 14, 14, 14, 14, 14, 15, 15, 15, 15, 15, 15, 15, 15, 15, 15, 15, 15, 15, 15, 15, 15, 15, 15, 15, 15, 15, 15, 15, 15, 15, 15, 15, 15, 15, 15, 15, 15, 15, 15, 15, 15, 16, 16, 16, 16, 16, 16, 16, 16, 16, 16, 17, 17, 17, 17, 17, 17, 17, 17, 17, 17, 17, 17, 17, 17, 17, 17, 17, 17, 17, 17, 17, 17, 17, 17, 17, 17, 17, 17, 17, 17, 17, 17, 17, 17, 18, 18, 18, 18, 18, 18, 18, 18, 18, 18, 19, 19, 19, 19, 19, 19, 19, 19, 19, 19, 19, 19, 19, 19, 19, 19, 19, 19, 19, 19, 19, 19, 19, 19, 19, 19, 19, 19, 19, 19, 20, 20, 20, 20, 20, 20, 20, 20, 20, 20, 20, 20, 20, 20, 21, 21, 21, 21, 21, 21, 21, 21, 21, 21, 21, 21, 21, 21, 21, 21, 21, 21, 21, 21, 21, 21, 21, 21, 22, 22, 22, 22, 22, 22, 22, 22, 22, 22, 22, 22, 22, 22]
Execution Time : 
- 633860 nanoseconds
- 0.63386 milliseconds
- 6.3386E-4 seconds
