File Name :caseE#5_7.in
Sort Algorithm Name : Pancake_Sort
Total of data : 256
Data Before Sorted :
[24, 377, 529, 613, 642, 1073, 1265, 1989, 2049, 2665, 2817, 3409, 3527, 3797, 4299, 4365, 4377, 4426, 4473, 4581, 4777, 5054, 5503, 5701, 5799, 6633, 6861, 6945, 7450, 7847, 8501, 8625, 8751, 8832, 8849, 9281, 9875, 9894, 10087, 10201, 10209, 10349, 10457, 10493, 10621, 10823, 11583, 11697, 11785, 12589, 13113, 13341, 14492, 14667, 15033, 15221, 15361, 15448, 16442, 16493, 16791, 16916, 17029, 17156, 17708, 17909, 18389, 18633, 19580, 19685, 19713, 19727, 19777, 19983, 20185, 20801, 20933, 21140, 21290, 21841, 21895, 21953, 22052, 22445, 23069, 23137, 23193, 23313, 23333, 23547, 23822, 23933, 24342, 24622, 24705, 25217, 25473, 26334, 26637, 28298, 28321, 28337, 28347, 28417, 28481, 28999, 29007, 29765, 29949, 30136, 30337, 30481, 30494, 30569, 31297, 31373, 31773, 32294, 32663, 32997, 33073, 33092, 33245, 33469, 33805, 33848, 34969, 35214, 35633, 35702, 35789, 35851, 35973, 36160, 36355, 36497, 36509, 36555, 36839, 37133, 37163, 37279, 37520, 38239, 38313, 39335, 39575, 39619, 39804, 39974, 40057, 40745, 41225, 41767, 42152, 42212, 42576, 43011, 43719, 43744, 43785, 44185, 44838, 45357, 45394, 45867, 45921, 46681, 46689, 46904, 47563, 47617, 47683, 47738, 47797, 48143, 48207, 48322, 48893, 49197, 49249, 49545, 49659, 49790, 50921, 50947, 51086, 51140, 51277, 51545, 51560, 52049, 52113, 52209, 52717, 52739, 53517, 54155, 54557, 54832, 54930, 54945, 56171, 56217, 56658, 56735, 57377, 57517, 58191, 58281, 58339, 58781, 58881, 59398, 59465, 59813, 60321, 60885, 61722, 61780, 61929, 62089, 62447, 63169, 63459, 63859, 64025, 64122, 64480, 64557, 32143, 6331, 21145, 32961, 1091, 43155, 38220, 62778, 6385, 20822, 45383, 38401, 63729, 14033, 53617, 51869, 20070, 3767, 47559, 16451, 18009, 57224, 8271, 47629, 28900, 22441]
Data after sorted :
[24, 377, 529, 613, 642, 1073, 1091, 1265, 1989, 2049, 2665, 2817, 3409, 3527, 3767, 3797, 4299, 4365, 4377, 4426, 4473, 4581, 4777, 5054, 5503, 5701, 5799, 6331, 6385, 6633, 6861, 6945, 7450, 7847, 8271, 8501, 8625, 8751, 8832, 8849, 9281, 9875, 9894, 10087, 10201, 10209, 10349, 10457, 10493, 10621, 10823, 11583, 11697, 11785, 12589, 13113, 13341, 14033, 14492, 14667, 15033, 15221, 15361, 15448, 16442, 16451, 16493, 16791, 16916, 17029, 17156, 17708, 17909, 18009, 18389, 18633, 19580, 19685, 19713, 19727, 19777, 19983, 20070, 20185, 20801, 20822, 20933, 21140, 21145, 21290, 21841, 21895, 21953, 22052, 22441, 22445, 23069, 23137, 23193, 23313, 23333, 23547, 23822, 23933, 24342, 24622, 24705, 25217, 25473, 26334, 26637, 28298, 28321, 28337, 28347, 28417, 28481, 28900, 28999, 29007, 29765, 29949, 30136, 30337, 30481, 30494, 30569, 31297, 31373, 31773, 32143, 32294, 32663, 32961, 32997, 33073, 33092, 33245, 33469, 33805, 33848, 34969, 35214, 35633, 35702, 35789, 35851, 35973, 36160, 36355, 36497, 36509, 36555, 36839, 37133, 37163, 37279, 37520, 38220, 38239, 38313, 38401, 39335, 39575, 39619, 39804, 39974, 40057, 40745, 41225, 41767, 42152, 42212, 42576, 43011, 43155, 43719, 43744, 43785, 44185, 44838, 45357, 45383, 45394, 45867, 45921, 46681, 46689, 46904, 47559, 47563, 47617, 47629, 47683, 47738, 47797, 48143, 48207, 48322, 48893, 49197, 49249, 49545, 49659, 49790, 50921, 50947, 51086, 51140, 51277, 51545, 51560, 51869, 52049, 52113, 52209, 52717, 52739, 53517, 53617, 54155, 54557, 54832, 54930, 54945, 56171, 56217, 56658, 56735, 57224, 57377, 57517, 58191, 58281, 58339, 58781, 58881, 59398, 59465, 59813, 60321, 60885, 61722, 61780, 61929, 62089, 62447, 62778, 63169, 63459, 63729, 63859, 64025, 64122, 64480, 64557]
Execution Time : 
- 81114 nanoseconds
- 0.081114 milliseconds
- 8.111400000000001E-5 seconds
