File Name :caseC#5_2.in
Sort Algorithm Name : Avi_Sort
Total of data : 256
Data Before Sorted :
[65532, 65489, 65339, 65241, 64893, 64827, 64763, 64753, 64730, 64573, 64546, 63870, 63770, 63484, 63237, 62211, 62113, 61865, 61787, 61618, 61554, 61180, 61161, 60952, 60872, 60586, 60546, 60150, 60003, 59961, 59532, 59521, 59278, 58628, 58426, 58393, 58372, 58223, 57810, 57552, 57407, 57073, 56769, 56536, 56465, 56017, 55785, 55553, 55233, 54129, 54115, 53340, 53219, 53065, 53033, 52911, 52820, 52461, 52369, 52337, 51345, 51229, 51125, 50954, 50709, 50035, 49673, 49570, 49225, 49081, 48689, 48669, 48102, 47775, 47525, 47505, 47321, 47249, 46945, 46682, 46622, 46359, 45873, 45745, 45517, 45393, 44676, 44127, 43970, 43361, 42289, 42082, 41770, 41599, 41137, 41136, 41045, 40567, 39665, 39254, 39057, 38853, 38761, 38569, 38369, 38342, 38239, 38233, 38200, 38191, 37323, 37321, 36818, 36401, 36347, 36069, 36062, 35364, 35328, 35049, 34969, 34437, 34115, 34049, 33857, 33769, 33641, 33517, 33249, 32864, 32715, 32221, 32121, 31907, 31582, 31496, 31208, 30897, 30737, 30729, 30165, 30097, 30050, 29547, 28928, 28839, 28533, 28373, 28233, 28135, 27907, 27382, 26938, 26903, 26549, 26333, 26080, 25837, 24947, 24913, 24731, 24613, 24545, 24163, 23993, 23595, 23111, 22721, 22545, 22413, 22309, 22089, 21883, 21380, 21095, 20805, 20742, 20207, 20191, 20133, 19704, 19660, 19347, 19091, 18177, 18049, 17783, 17553, 17142, 16803, 16685, 16589, 16295, 15608, 15021, 15011, 14829, 14726, 14498, 13714, 13615, 12661, 11860, 11472, 11387, 11369, 11189, 11027, 10625, 10587, 10403, 10305, 10163, 10049, 10038, 9789, 9689, 9490, 9446, 9348, 8915, 8329, 8091, 8035, 7638, 7597, 7359, 7257, 6721, 6661, 6501, 6257, 5954, 5911, 5856, 5841, 5811, 5753, 5519, 5365, 4961, 4875, 4389, 4161, 4065, 3998, 3727, 3679, 2891, 2655, 2523, 2437, 2173, 1381, 1059, 197]
Data after sorted :
[197, 1059, 1381, 2173, 2437, 2523, 2655, 2891, 3679, 3727, 3998, 4065, 4161, 4389, 4875, 4961, 5365, 5519, 5753, 5811, 5841, 5856, 5911, 5954, 6257, 6501, 6661, 6721, 7257, 7359, 7597, 7638, 8035, 8091, 8329, 8915, 9348, 9446, 9490, 9689, 9789, 10038, 10049, 10163, 10305, 10403, 10587, 10625, 11027, 11189, 11369, 11387, 11472, 11860, 12661, 13615, 13714, 14498, 14726, 14829, 15011, 15021, 15608, 16295, 16589, 16685, 16803, 17142, 17553, 17783, 18049, 18177, 19091, 19347, 19660, 19704, 20133, 20191, 20207, 20742, 20805, 21095, 21380, 21883, 22089, 22309, 22413, 22545, 22721, 23111, 23595, 23993, 24163, 24545, 24613, 24731, 24913, 24947, 25837, 26080, 26333, 26549, 26903, 26938, 27382, 27907, 28135, 28233, 28373, 28533, 28839, 28928, 29547, 30050, 30097, 30165, 30729, 30737, 30897, 31208, 31496, 31582, 31907, 32121, 32221, 32715, 32864, 33249, 33517, 33641, 33769, 33857, 34049, 34115, 34437, 34969, 35049, 35328, 35364, 36062, 36069, 36347, 36401, 36818, 37321, 37323, 38191, 38200, 38233, 38239, 38342, 38369, 38569, 38761, 38853, 39057, 39254, 39665, 40567, 41045, 41136, 41137, 41599, 41770, 42082, 42289, 43361, 43970, 44127, 44676, 45393, 45517, 45745, 45873, 46359, 46622, 46682, 46945, 47249, 47321, 47505, 47525, 47775, 48102, 48669, 48689, 49081, 49225, 49570, 49673, 50035, 50709, 50954, 51125, 51229, 51345, 52337, 52369, 52461, 52820, 52911, 53033, 53065, 53219, 53340, 54115, 54129, 55233, 55553, 55785, 56017, 56465, 56536, 56769, 57073, 57407, 57552, 57810, 58223, 58372, 58393, 58426, 58628, 59278, 59521, 59532, 59961, 60003, 60150, 60546, 60586, 60872, 60952, 61161, 61180, 61554, 61618, 61787, 61865, 62113, 62211, 63237, 63484, 63770, 63870, 64546, 64573, 64730, 64753, 64763, 64827, 64893, 65241, 65339, 65489, 65532]
Execution Time : 
- 204482 nanoseconds
- 0.204482 milliseconds
- 2.04482E-4 seconds
