File Name :caseF#5_2.in
Sort Algorithm Name : Avi_Sort
Total of data : 256
Data Before Sorted :
[6, 1, 13, 1, 6, 1, 1, 9, 5, 13, 15, 12, 7, 10, 5, 2, 4, 1, 15, 5, 1, 3, 9, 14, 16, 14, 9, 1, 6, 9, 4, 9, 1, 13, 7, 15, 1, 5, 6, 10, 8, 3, 5, 9, 2, 8, 9, 9, 9, 1, 16, 5, 7, 16, 12, 5, 5, 13, 1, 5, 15, 1, 15, 2, 16, 16, 6, 5, 13, 3, 9, 14, 14, 3, 1, 5, 5, 12, 5, 12, 9, 1, 5, 16, 6, 13, 10, 1, 1, 9, 9, 5, 13, 1, 14, 11, 12, 13, 8, 9, 9, 11, 9, 15, 1, 3, 5, 1, 1, 16, 8, 10, 11, 1, 3, 14, 8, 8, 4, 11, 15, 7, 3, 11, 15, 1, 13, 9, 1, 6, 9, 11, 2, 15, 16, 1, 12, 15, 16, 14, 13, 5, 1, 9, 7, 9, 3, 12, 13, 5, 7, 11, 12, 11, 9, 3, 13, 8, 3, 15, 3, 10, 11, 13, 11, 12, 11, 3, 5, 11, 13, 9, 9, 3, 5, 13, 14, 9, 15, 15, 1, 8, 5, 5, 1, 15, 1, 15, 13, 3, 5, 5, 5, 6, 7, 9, 11, 15, 5, 13, 16, 2, 1, 13, 9, 9, 1, 1, 2, 2, 1, 1, 5, 9, 11, 1, 9, 13, 5, 9, 7, 15, 15, 11, 15, 9, 13, 1, 13, 1, 3, 9, 15, 9, 7, 7, 3, 4, 11, 15, 9, 9, 13, 13, 8, 15, 1, 10, 15, 1, 5, 3, 3, 8, 1, 12]
Data after sorted :
[1, 1, 1, 1, 1, 1, 1, 1, 1, 1, 1, 1, 1, 1, 1, 1, 1, 1, 1, 1, 1, 1, 1, 1, 1, 1, 1, 1, 1, 1, 1, 1, 1, 1, 1, 1, 1, 1, 1, 2, 2, 2, 2, 2, 2, 2, 3, 3, 3, 3, 3, 3, 3, 3, 3, 3, 3, 3, 3, 3, 3, 3, 3, 3, 4, 4, 4, 4, 5, 5, 5, 5, 5, 5, 5, 5, 5, 5, 5, 5, 5, 5, 5, 5, 5, 5, 5, 5, 5, 5, 5, 5, 5, 5, 5, 5, 5, 6, 6, 6, 6, 6, 6, 6, 6, 7, 7, 7, 7, 7, 7, 7, 7, 7, 7, 8, 8, 8, 8, 8, 8, 8, 8, 8, 8, 9, 9, 9, 9, 9, 9, 9, 9, 9, 9, 9, 9, 9, 9, 9, 9, 9, 9, 9, 9, 9, 9, 9, 9, 9, 9, 9, 9, 9, 9, 9, 9, 9, 9, 9, 10, 10, 10, 10, 10, 10, 11, 11, 11, 11, 11, 11, 11, 11, 11, 11, 11, 11, 11, 11, 11, 11, 12, 12, 12, 12, 12, 12, 12, 12, 12, 12, 13, 13, 13, 13, 13, 13, 13, 13, 13, 13, 13, 13, 13, 13, 13, 13, 13, 13, 13, 13, 13, 13, 13, 14, 14, 14, 14, 14, 14, 14, 14, 15, 15, 15, 15, 15, 15, 15, 15, 15, 15, 15, 15, 15, 15, 15, 15, 15, 15, 15, 15, 15, 15, 15, 16, 16, 16, 16, 16, 16, 16, 16, 16, 16]
Execution Time : 
- 117742 nanoseconds
- 0.117742 milliseconds
- 1.17742E-4 seconds
