File Name :caseA#5_9.in
Sort Algorithm Name : Avi_Sort
Total of data : 256
Data Before Sorted :
[43261, 54661, 31760, 42954, 22929, 11052, 7134, 20841, 7585, 274, 33409, 55229, 2049, 42350, 43177, 64217, 29121, 18534, 23949, 973, 16737, 44637, 31885, 41095, 57234, 52397, 57133, 10876, 8453, 23325, 43881, 50625, 14313, 21877, 1812, 37223, 13225, 1837, 6269, 35883, 44111, 22013, 56047, 31561, 42430, 7285, 38081, 27021, 6801, 34017, 33455, 35865, 38661, 2766, 57933, 61721, 42712, 40449, 22765, 17909, 51107, 1208, 4509, 5728, 26581, 17510, 62360, 64017, 12537, 57921, 317, 38027, 31034, 1293, 45633, 50241, 59877, 44033, 64509, 7137, 50245, 15977, 41575, 15552, 1893, 57127, 62501, 37853, 54469, 56317, 55119, 15993, 56209, 58911, 22272, 21577, 47167, 5105, 2101, 9921, 47958, 26600, 26233, 55917, 44397, 43271, 31693, 36129, 10829, 1499, 22215, 4046, 12797, 12482, 36721, 46554, 37197, 65051, 21969, 43777, 29093, 56101, 38673, 4001, 2457, 6866, 9161, 13460, 1105, 20133, 21449, 1604, 49271, 25641, 1617, 58735, 50993, 24496, 16747, 43621, 48224, 6786, 38105, 18116, 22169, 3789, 54775, 44139, 64593, 62603, 45737, 16299, 29159, 34644, 63085, 55345, 3377, 5532, 8954, 16449, 31869, 49493, 12089, 56553, 3768, 9018, 23353, 65251, 62393, 50666, 40550, 56511, 59163, 41869, 55848, 38447, 7617, 33921, 45827, 18724, 58424, 51459, 41753, 39002, 14511, 51895, 51697, 27819, 6884, 20451, 56487, 31027, 42537, 3857, 25717, 33823, 10977, 17846, 18886, 44481, 35046, 33855, 63023, 15715, 13509, 1315, 30858, 13342, 52289, 28420, 54727, 16553, 7239, 53643, 57982, 41287, 51585, 59833, 33744, 13390, 13913, 46753, 35155, 22473, 12505, 59393, 59516, 30699, 41665, 4515, 44785, 29981, 44655, 29147, 35193, 52353, 42339, 33075, 31564, 42106, 15313, 53142, 3559, 2049, 3537, 20081, 2993, 37789, 63014, 32983, 16359, 10851, 7801, 54792, 57199, 29197]
Data after sorted :
[274, 317, 973, 1105, 1208, 1293, 1315, 1499, 1604, 1617, 1812, 1837, 1893, 2049, 2049, 2101, 2457, 2766, 2993, 3377, 3537, 3559, 3768, 3789, 3857, 4001, 4046, 4509, 4515, 5105, 5532, 5728, 6269, 6786, 6801, 6866, 6884, 7134, 7137, 7239, 7285, 7585, 7617, 7801, 8453, 8954, 9018, 9161, 9921, 10829, 10851, 10876, 10977, 11052, 12089, 12482, 12505, 12537, 12797, 13225, 13342, 13390, 13460, 13509, 13913, 14313, 14511, 15313, 15552, 15715, 15977, 15993, 16299, 16359, 16449, 16553, 16737, 16747, 17510, 17846, 17909, 18116, 18534, 18724, 18886, 20081, 20133, 20451, 20841, 21449, 21577, 21877, 21969, 22013, 22169, 22215, 22272, 22473, 22765, 22929, 23325, 23353, 23949, 24496, 25641, 25717, 26233, 26581, 26600, 27021, 27819, 28420, 29093, 29121, 29147, 29159, 29197, 29981, 30699, 30858, 31027, 31034, 31561, 31564, 31693, 31760, 31869, 31885, 32983, 33075, 33409, 33455, 33744, 33823, 33855, 33921, 34017, 34644, 35046, 35155, 35193, 35865, 35883, 36129, 36721, 37197, 37223, 37789, 37853, 38027, 38081, 38105, 38447, 38661, 38673, 39002, 40449, 40550, 41095, 41287, 41575, 41665, 41753, 41869, 42106, 42339, 42350, 42430, 42537, 42712, 42954, 43177, 43261, 43271, 43621, 43777, 43881, 44033, 44111, 44139, 44397, 44481, 44637, 44655, 44785, 45633, 45737, 45827, 46554, 46753, 47167, 47958, 48224, 49271, 49493, 50241, 50245, 50625, 50666, 50993, 51107, 51459, 51585, 51697, 51895, 52289, 52353, 52397, 53142, 53643, 54469, 54661, 54727, 54775, 54792, 55119, 55229, 55345, 55848, 55917, 56047, 56101, 56209, 56317, 56487, 56511, 56553, 57127, 57133, 57199, 57234, 57921, 57933, 57982, 58424, 58735, 58911, 59163, 59393, 59516, 59833, 59877, 61721, 62360, 62393, 62501, 62603, 63014, 63023, 63085, 64017, 64217, 64509, 64593, 65051, 65251]
Execution Time : 
- 146962 nanoseconds
- 0.146962 milliseconds
- 1.4696200000000002E-4 seconds
