File Name :caseF#6_6.in
Sort Algorithm Name : Avi_Sort
Total of data : 512
Data Before Sorted :
[17, 1, 1, 1, 19, 4, 21, 21, 15, 17, 15, 8, 11, 5, 22, 2, 5, 22, 9, 19, 1, 19, 18, 4, 20, 19, 15, 11, 9, 5, 13, 21, 17, 19, 1, 4, 1, 5, 8, 17, 3, 11, 1, 3, 21, 17, 7, 11, 15, 7, 18, 22, 19, 19, 3, 17, 12, 2, 11, 21, 3, 7, 17, 1, 13, 9, 21, 15, 15, 1, 18, 16, 12, 19, 1, 3, 21, 21, 12, 1, 15, 7, 19, 12, 7, 11, 7, 5, 12, 20, 20, 9, 1, 13, 9, 7, 11, 21, 9, 13, 3, 1, 16, 7, 2, 7, 12, 3, 5, 1, 12, 17, 9, 18, 13, 21, 19, 1, 19, 13, 22, 3, 21, 19, 20, 17, 1, 17, 8, 1, 1, 5, 4, 12, 4, 2, 1, 21, 9, 9, 15, 13, 2, 11, 11, 9, 19, 15, 1, 1, 1, 15, 17, 19, 11, 9, 15, 7, 18, 10, 5, 15, 17, 21, 17, 11, 4, 5, 7, 2, 3, 11, 12, 9, 1, 7, 9, 17, 21, 9, 1, 19, 17, 16, 17, 13, 17, 3, 6, 12, 1, 1, 19, 1, 1, 15, 15, 1, 7, 7, 6, 19, 3, 12, 19, 21, 21, 15, 9, 7, 17, 1, 1, 17, 9, 1, 17, 9, 11, 9, 20, 7, 7, 5, 9, 21, 13, 13, 5, 10, 8, 5, 15, 22, 22, 1, 5, 7, 11, 19, 1, 8, 10, 14, 1, 18, 14, 5, 2, 12, 5, 11, 15, 13, 9, 17, 1, 15, 21, 21, 5, 3, 19, 7, 19, 22, 19, 3, 17, 9, 13, 1, 22, 9, 8, 7, 18, 1, 17, 15, 2, 1, 12, 22, 4, 9, 12, 22, 1, 3, 5, 1, 5, 20, 6, 5, 9, 19, 16, 1, 3, 12, 11, 17, 8, 9, 19, 9, 21, 5, 12, 17, 15, 18, 1, 18, 1, 4, 8, 3, 6, 19, 18, 19, 22, 1, 20, 5, 9, 9, 2, 17, 10, 15, 11, 9, 13, 21, 11, 1, 5, 1, 4, 21, 16, 1, 13, 1, 19, 15, 1, 3, 21, 7, 5, 7, 5, 5, 4, 5, 13, 9, 19, 9, 3, 8, 13, 2, 1, 5, 1, 13, 21, 9, 12, 1, 11, 5, 19, 5, 17, 7, 6, 3, 5, 9, 12, 1, 13, 9, 6, 5, 14, 1, 4, 21, 17, 8, 20, 5, 13, 22, 12, 13, 11, 18, 19, 9, 15, 17, 15, 17, 5, 19, 7, 12, 19, 3, 7, 21, 7, 1, 14, 3, 3, 16, 13, 19, 11, 11, 3, 7, 10, 7, 11, 20, 22, 12, 9, 6, 13, 22, 5, 12, 17, 3, 5, 9, 5, 19, 19, 13, 17, 1, 1, 7, 13, 1, 1, 3, 1, 15, 17, 1, 9, 15, 3, 1, 4, 13, 7, 1, 21, 1, 7, 15, 11, 1, 13, 15, 15, 13, 21, 15, 1, 6, 4, 9, 15, 21, 3, 9, 18, 12, 13, 1, 1, 7, 15, 21, 7, 1, 11, 1, 17, 21, 21, 13, 4, 13, 9, 5]
Data after sorted :
[1, 1, 1, 1, 1, 1, 1, 1, 1, 1, 1, 1, 1, 1, 1, 1, 1, 1, 1, 1, 1, 1, 1, 1, 1, 1, 1, 1, 1, 1, 1, 1, 1, 1, 1, 1, 1, 1, 1, 1, 1, 1, 1, 1, 1, 1, 1, 1, 1, 1, 1, 1, 1, 1, 1, 1, 1, 1, 1, 1, 1, 1, 1, 1, 1, 1, 1, 1, 1, 1, 1, 2, 2, 2, 2, 2, 2, 2, 2, 2, 2, 3, 3, 3, 3, 3, 3, 3, 3, 3, 3, 3, 3, 3, 3, 3, 3, 3, 3, 3, 3, 3, 3, 3, 3, 3, 3, 3, 4, 4, 4, 4, 4, 4, 4, 4, 4, 4, 4, 4, 4, 4, 5, 5, 5, 5, 5, 5, 5, 5, 5, 5, 5, 5, 5, 5, 5, 5, 5, 5, 5, 5, 5, 5, 5, 5, 5, 5, 5, 5, 5, 5, 5, 5, 5, 5, 5, 5, 5, 6, 6, 6, 6, 6, 6, 6, 6, 7, 7, 7, 7, 7, 7, 7, 7, 7, 7, 7, 7, 7, 7, 7, 7, 7, 7, 7, 7, 7, 7, 7, 7, 7, 7, 7, 7, 7, 7, 7, 7, 7, 8, 8, 8, 8, 8, 8, 8, 8, 8, 8, 9, 9, 9, 9, 9, 9, 9, 9, 9, 9, 9, 9, 9, 9, 9, 9, 9, 9, 9, 9, 9, 9, 9, 9, 9, 9, 9, 9, 9, 9, 9, 9, 9, 9, 9, 9, 9, 9, 9, 9, 9, 10, 10, 10, 10, 10, 11, 11, 11, 11, 11, 11, 11, 11, 11, 11, 11, 11, 11, 11, 11, 11, 11, 11, 11, 11, 11, 11, 11, 11, 11, 12, 12, 12, 12, 12, 12, 12, 12, 12, 12, 12, 12, 12, 12, 12, 12, 12, 12, 12, 12, 12, 12, 12, 13, 13, 13, 13, 13, 13, 13, 13, 13, 13, 13, 13, 13, 13, 13, 13, 13, 13, 13, 13, 13, 13, 13, 13, 13, 13, 13, 13, 13, 13, 14, 14, 14, 14, 15, 15, 15, 15, 15, 15, 15, 15, 15, 15, 15, 15, 15, 15, 15, 15, 15, 15, 15, 15, 15, 15, 15, 15, 15, 15, 15, 15, 15, 15, 15, 15, 16, 16, 16, 16, 16, 16, 17, 17, 17, 17, 17, 17, 17, 17, 17, 17, 17, 17, 17, 17, 17, 17, 17, 17, 17, 17, 17, 17, 17, 17, 17, 17, 17, 17, 17, 17, 17, 17, 17, 17, 18, 18, 18, 18, 18, 18, 18, 18, 18, 18, 18, 18, 19, 19, 19, 19, 19, 19, 19, 19, 19, 19, 19, 19, 19, 19, 19, 19, 19, 19, 19, 19, 19, 19, 19, 19, 19, 19, 19, 19, 19, 19, 19, 19, 19, 19, 19, 20, 20, 20, 20, 20, 20, 20, 20, 20, 21, 21, 21, 21, 21, 21, 21, 21, 21, 21, 21, 21, 21, 21, 21, 21, 21, 21, 21, 21, 21, 21, 21, 21, 21, 21, 21, 21, 21, 21, 21, 21, 22, 22, 22, 22, 22, 22, 22, 22, 22, 22, 22, 22, 22, 22]
Execution Time : 
- 502597 nanoseconds
- 0.502597 milliseconds
- 5.025969999999999E-4 seconds
