File Name :caseA#3_9.in
Sort Algorithm Name : Avi_Sort
Total of data : 64
Data Before Sorted :
[3929, 2897, 1056, 2509, 505, 689, 3909, 892, 1945, 1125, 254, 3149, 1598, 912, 3097, 3079, 1509, 2929, 1041, 2477, 2637, 1023, 3545, 3374, 249, 2391, 2449, 3893, 1683, 563, 3082, 561, 877, 3395, 1254, 2935, 893, 2584, 1355, 3920, 3241, 3311, 967, 1565, 2243, 3437, 2351, 463, 2699, 2929, 1627, 3991, 2083, 2229, 577, 2041, 1957, 1627, 3597, 2794, 186, 880, 3647, 443]
Data after sorted :
[186, 249, 254, 443, 463, 505, 561, 563, 577, 689, 877, 880, 892, 893, 912, 967, 1023, 1041, 1056, 1125, 1254, 1355, 1509, 1565, 1598, 1627, 1627, 1683, 1945, 1957, 2041, 2083, 2229, 2243, 2351, 2391, 2449, 2477, 2509, 2584, 2637, 2699, 2794, 2897, 2929, 2929, 2935, 3079, 3082, 3097, 3149, 3241, 3311, 3374, 3395, 3437, 3545, 3597, 3647, 3893, 3909, 3920, 3929, 3991]
Execution Time : 
- 12439 nanoseconds
- 0.012439 milliseconds
- 1.2439E-5 seconds
