File Name :caseB#2_4.in
Sort Algorithm Name : Avi_Sort
Total of data : 32
Data Before Sorted :
[49, 53, 65, 127, 140, 147, 177, 180, 189, 201, 219, 273, 277, 309, 320, 377, 409, 481, 515, 533, 585, 654, 729, 735, 753, 781, 798, 865, 878, 885, 1015, 1021]
Data after sorted :
[49, 53, 65, 127, 140, 147, 177, 180, 189, 201, 219, 273, 277, 309, 320, 377, 409, 481, 515, 533, 585, 654, 729, 735, 753, 781, 798, 865, 878, 885, 1015, 1021]
Execution Time : 
- 3822 nanoseconds
- 0.003822 milliseconds
- 3.822E-6 seconds
