File Name :caseB#4_3.in
Sort Algorithm Name : Avi_Sort
Total of data : 128
Data Before Sorted :
[18, 33, 37, 481, 579, 711, 876, 881, 897, 941, 1105, 1187, 1198, 1209, 1217, 1251, 1577, 1665, 1674, 1757, 1789, 1937, 2070, 2177, 2201, 2244, 2789, 2829, 2914, 2971, 3026, 3702, 3713, 3833, 4029, 4097, 4227, 4393, 4668, 4781, 4797, 4966, 5244, 5306, 5348, 5480, 5488, 5635, 5761, 6109, 6175, 6201, 6538, 6543, 6761, 6779, 6801, 6911, 6937, 6969, 7003, 7012, 7091, 7327, 7434, 7449, 7683, 7691, 7821, 8049, 8181, 8229, 8277, 8288, 8289, 8508, 8573, 8825, 8831, 9070, 9356, 9378, 9441, 9485, 9761, 9949, 10052, 10173, 10309, 10349, 10374, 10503, 10713, 10984, 10987, 11165, 11505, 11529, 11787, 11864, 12226, 12257, 12433, 12517, 12873, 13009, 13115, 13468, 13495, 13789, 14245, 14541, 14573, 14593, 14625, 14735, 14802, 15009, 15289, 15333, 15508, 15583, 15612, 15617, 15803, 15877, 16031, 16186]
Data after sorted :
[18, 33, 37, 481, 579, 711, 876, 881, 897, 941, 1105, 1187, 1198, 1209, 1217, 1251, 1577, 1665, 1674, 1757, 1789, 1937, 2070, 2177, 2201, 2244, 2789, 2829, 2914, 2971, 3026, 3702, 3713, 3833, 4029, 4097, 4227, 4393, 4668, 4781, 4797, 4966, 5244, 5306, 5348, 5480, 5488, 5635, 5761, 6109, 6175, 6201, 6538, 6543, 6761, 6779, 6801, 6911, 6937, 6969, 7003, 7012, 7091, 7327, 7434, 7449, 7683, 7691, 7821, 8049, 8181, 8229, 8277, 8288, 8289, 8508, 8573, 8825, 8831, 9070, 9356, 9378, 9441, 9485, 9761, 9949, 10052, 10173, 10309, 10349, 10374, 10503, 10713, 10984, 10987, 11165, 11505, 11529, 11787, 11864, 12226, 12257, 12433, 12517, 12873, 13009, 13115, 13468, 13495, 13789, 14245, 14541, 14573, 14593, 14625, 14735, 14802, 15009, 15289, 15333, 15508, 15583, 15612, 15617, 15803, 15877, 16031, 16186]
Execution Time : 
- 19150 nanoseconds
- 0.01915 milliseconds
- 1.915E-5 seconds
