File Name :caseE#2_4.in
Sort Algorithm Name : Avi_Sort
Total of data : 32
Data Before Sorted :
[6, 122, 127, 184, 197, 205, 229, 263, 301, 336, 413, 425, 431, 480, 517, 535, 545, 579, 625, 705, 721, 842, 865, 885, 921, 939, 993, 997, 1005, 908, 261, 656]
Data after sorted :
[6, 122, 127, 184, 197, 205, 229, 261, 263, 301, 336, 413, 425, 431, 480, 517, 535, 545, 579, 625, 656, 705, 721, 842, 865, 885, 908, 921, 939, 993, 997, 1005]
Execution Time : 
- 4114 nanoseconds
- 0.004114 milliseconds
- 4.114E-6 seconds
