File Name :caseD#3_10.in
Sort Algorithm Name : Avi_Sort
Total of data : 64
Data Before Sorted :
[143, 147, 179, 196, 349, 513, 531, 581, 662, 711, 761, 833, 846, 853, 862, 865, 990, 1034, 1051, 1119, 1205, 1351, 1377, 1529, 1585, 1602, 1623, 1644, 1705, 1763, 1866, 1904, 1951, 2144, 2177, 2367, 2377, 2457, 2617, 2624, 2681, 2714, 2783, 3025, 3058, 3177, 3293, 3513, 3567, 3591, 3618, 3637, 3643, 3697, 3849, 3888, 3916, 3917, 3921, 3992, 4065, 3396, 2461, 2886]
Data after sorted :
[143, 147, 179, 196, 349, 513, 531, 581, 662, 711, 761, 833, 846, 853, 862, 865, 990, 1034, 1051, 1119, 1205, 1351, 1377, 1529, 1585, 1602, 1623, 1644, 1705, 1763, 1866, 1904, 1951, 2144, 2177, 2367, 2377, 2457, 2461, 2617, 2624, 2681, 2714, 2783, 2886, 3025, 3058, 3177, 3293, 3396, 3513, 3567, 3591, 3618, 3637, 3643, 3697, 3849, 3888, 3916, 3917, 3921, 3992, 4065]
Execution Time : 
- 7326 nanoseconds
- 0.007326 milliseconds
- 7.326E-6 seconds
