File Name :caseA#4_10.in
Sort Algorithm Name : Avi_Sort
Total of data : 128
Data Before Sorted :
[6347, 3277, 9179, 2809, 14533, 14721, 12031, 3556, 12529, 11211, 6432, 2345, 2695, 14039, 11987, 2079, 3014, 12969, 4073, 16107, 8773, 7823, 3585, 941, 5827, 1781, 898, 8002, 8907, 7737, 10445, 2496, 8793, 12497, 2897, 5, 4782, 12067, 7489, 11166, 15157, 11425, 9261, 3193, 15761, 6349, 12093, 5997, 9177, 89, 6897, 15575, 9614, 11860, 5961, 8897, 11768, 13641, 15751, 10630, 14673, 8049, 5193, 2962, 3537, 12829, 5009, 9385, 14105, 1963, 4857, 613, 10583, 7385, 14257, 3578, 465, 6549, 251, 7624, 12897, 12146, 3240, 4865, 14850, 6651, 16178, 1761, 3751, 5345, 7533, 129, 3257, 10842, 5969, 9798, 9104, 9187, 6170, 11326, 10993, 1367, 7403, 9459, 6047, 3721, 15571, 7129, 5121, 14031, 1449, 8155, 7034, 7377, 6938, 9665, 6913, 8369, 9945, 1427, 5327, 5944, 15625, 12242, 14167, 3017, 2163, 15770]
Data after sorted :
[5, 89, 129, 251, 465, 613, 898, 941, 1367, 1427, 1449, 1761, 1781, 1963, 2079, 2163, 2345, 2496, 2695, 2809, 2897, 2962, 3014, 3017, 3193, 3240, 3257, 3277, 3537, 3556, 3578, 3585, 3721, 3751, 4073, 4782, 4857, 4865, 5009, 5121, 5193, 5327, 5345, 5827, 5944, 5961, 5969, 5997, 6047, 6170, 6347, 6349, 6432, 6549, 6651, 6897, 6913, 6938, 7034, 7129, 7377, 7385, 7403, 7489, 7533, 7624, 7737, 7823, 8002, 8049, 8155, 8369, 8773, 8793, 8897, 8907, 9104, 9177, 9179, 9187, 9261, 9385, 9459, 9614, 9665, 9798, 9945, 10445, 10583, 10630, 10842, 10993, 11166, 11211, 11326, 11425, 11768, 11860, 11987, 12031, 12067, 12093, 12146, 12242, 12497, 12529, 12829, 12897, 12969, 13641, 14031, 14039, 14105, 14167, 14257, 14533, 14673, 14721, 14850, 15157, 15571, 15575, 15625, 15751, 15761, 15770, 16107, 16178]
Execution Time : 
- 36767 nanoseconds
- 0.036767 milliseconds
- 3.6767E-5 seconds
