File Name :caseE#5_5.in
Sort Algorithm Name : Avi_Sort
Total of data : 256
Data Before Sorted :
[333, 694, 759, 1315, 1943, 2025, 2457, 2701, 2812, 2907, 3154, 3377, 3493, 3635, 3865, 4227, 4289, 4804, 4817, 4869, 5099, 5295, 5329, 5359, 5425, 5591, 5649, 5889, 6255, 6897, 6901, 7087, 7555, 7678, 8161, 8471, 9083, 9213, 10417, 10485, 10596, 10684, 10749, 10799, 11101, 11171, 11799, 12257, 12386, 12925, 13247, 13733, 14215, 14537, 14661, 14897, 15154, 15364, 15505, 15670, 15878, 16133, 16545, 17341, 17696, 18061, 18289, 18401, 19821, 20002, 20017, 20355, 20581, 21141, 21279, 21497, 21993, 22151, 22460, 22725, 22890, 22909, 22947, 23073, 24058, 24109, 24909, 25012, 25308, 25697, 25852, 26417, 26753, 26840, 27425, 27570, 27909, 27948, 29518, 29605, 29635, 29817, 29945, 29997, 30687, 30929, 31177, 31327, 31521, 31667, 32027, 32101, 32828, 33252, 33437, 33451, 33697, 34081, 34333, 35051, 35535, 35662, 36053, 36238, 36369, 36537, 36875, 36957, 37345, 37411, 37645, 37747, 37763, 37973, 38819, 38889, 38949, 39231, 39505, 39700, 39931, 40078, 40117, 40217, 40301, 40493, 40585, 40667, 41147, 41384, 41663, 41901, 41993, 42019, 42120, 42955, 43305, 43445, 43475, 43889, 44681, 44933, 44943, 44953, 45361, 45711, 46621, 46733, 46831, 47306, 47315, 47361, 47589, 48697, 48831, 49671, 49791, 49857, 50094, 50401, 50913, 52019, 52089, 52233, 52261, 52353, 52401, 52577, 52664, 52723, 52818, 53309, 53450, 53656, 53807, 54773, 55061, 55323, 55670, 55811, 56001, 56375, 56652, 56761, 57005, 57052, 57561, 57739, 58217, 58234, 58561, 58681, 59073, 59132, 59265, 59661, 59728, 59756, 59881, 59944, 60878, 61088, 61733, 62011, 62842, 63645, 63965, 64282, 64885, 64899, 44926, 44853, 60721, 15105, 61344, 43710, 26061, 64460, 21617, 32298, 2469, 50033, 23417, 59675, 45508, 57343, 33366, 57859, 39467, 10766, 57123, 44515, 32079, 1532, 43171, 9944]
Data after sorted :
[333, 694, 759, 1315, 1532, 1943, 2025, 2457, 2469, 2701, 2812, 2907, 3154, 3377, 3493, 3635, 3865, 4227, 4289, 4804, 4817, 4869, 5099, 5295, 5329, 5359, 5425, 5591, 5649, 5889, 6255, 6897, 6901, 7087, 7555, 7678, 8161, 8471, 9083, 9213, 9944, 10417, 10485, 10596, 10684, 10749, 10766, 10799, 11101, 11171, 11799, 12257, 12386, 12925, 13247, 13733, 14215, 14537, 14661, 14897, 15105, 15154, 15364, 15505, 15670, 15878, 16133, 16545, 17341, 17696, 18061, 18289, 18401, 19821, 20002, 20017, 20355, 20581, 21141, 21279, 21497, 21617, 21993, 22151, 22460, 22725, 22890, 22909, 22947, 23073, 23417, 24058, 24109, 24909, 25012, 25308, 25697, 25852, 26061, 26417, 26753, 26840, 27425, 27570, 27909, 27948, 29518, 29605, 29635, 29817, 29945, 29997, 30687, 30929, 31177, 31327, 31521, 31667, 32027, 32079, 32101, 32298, 32828, 33252, 33366, 33437, 33451, 33697, 34081, 34333, 35051, 35535, 35662, 36053, 36238, 36369, 36537, 36875, 36957, 37345, 37411, 37645, 37747, 37763, 37973, 38819, 38889, 38949, 39231, 39467, 39505, 39700, 39931, 40078, 40117, 40217, 40301, 40493, 40585, 40667, 41147, 41384, 41663, 41901, 41993, 42019, 42120, 42955, 43171, 43305, 43445, 43475, 43710, 43889, 44515, 44681, 44853, 44926, 44933, 44943, 44953, 45361, 45508, 45711, 46621, 46733, 46831, 47306, 47315, 47361, 47589, 48697, 48831, 49671, 49791, 49857, 50033, 50094, 50401, 50913, 52019, 52089, 52233, 52261, 52353, 52401, 52577, 52664, 52723, 52818, 53309, 53450, 53656, 53807, 54773, 55061, 55323, 55670, 55811, 56001, 56375, 56652, 56761, 57005, 57052, 57123, 57343, 57561, 57739, 57859, 58217, 58234, 58561, 58681, 59073, 59132, 59265, 59661, 59675, 59728, 59756, 59881, 59944, 60721, 60878, 61088, 61344, 61733, 62011, 62842, 63645, 63965, 64282, 64460, 64885, 64899]
Execution Time : 
- 85323 nanoseconds
- 0.085323 milliseconds
- 8.5323E-5 seconds
