File Name :caseC#3_2.in
Sort Algorithm Name : Avi_Sort
Total of data : 64
Data Before Sorted :
[4063, 4038, 3983, 3949, 3938, 3897, 3855, 3797, 3777, 3661, 3649, 3229, 3157, 3093, 3061, 3025, 3011, 2995, 2973, 2945, 2917, 2905, 2897, 2853, 2771, 2721, 2565, 2493, 2288, 2219, 2115, 2035, 2019, 2001, 1945, 1833, 1769, 1711, 1674, 1452, 1425, 1389, 1356, 1334, 1300, 1153, 1085, 993, 983, 937, 892, 849, 709, 689, 538, 502, 461, 449, 339, 274, 179, 105, 85, 73]
Data after sorted :
[73, 85, 105, 179, 274, 339, 449, 461, 502, 538, 689, 709, 849, 892, 937, 983, 993, 1085, 1153, 1300, 1334, 1356, 1389, 1425, 1452, 1674, 1711, 1769, 1833, 1945, 2001, 2019, 2035, 2115, 2219, 2288, 2493, 2565, 2721, 2771, 2853, 2897, 2905, 2917, 2945, 2973, 2995, 3011, 3025, 3061, 3093, 3157, 3229, 3649, 3661, 3777, 3797, 3855, 3897, 3938, 3949, 3983, 4038, 4063]
Execution Time : 
- 10260 nanoseconds
- 0.01026 milliseconds
- 1.026E-5 seconds
