File Name :caseB#3_9.in
Sort Algorithm Name : Avi_Sort
Total of data : 64
Data Before Sorted :
[357, 472, 511, 520, 762, 842, 989, 1001, 1015, 1099, 1127, 1137, 1151, 1153, 1199, 1201, 1266, 1416, 1457, 1481, 1497, 1525, 1611, 1723, 1731, 1759, 1771, 1794, 1921, 1953, 2145, 2161, 2209, 2263, 2273, 2297, 2391, 2440, 2521, 2609, 2707, 2756, 2849, 3029, 3041, 3065, 3129, 3136, 3181, 3387, 3429, 3485, 3630, 3641, 3677, 3741, 3891, 3953, 3966, 3995, 4017, 4044, 4052, 4085]
Data after sorted :
[357, 472, 511, 520, 762, 842, 989, 1001, 1015, 1099, 1127, 1137, 1151, 1153, 1199, 1201, 1266, 1416, 1457, 1481, 1497, 1525, 1611, 1723, 1731, 1759, 1771, 1794, 1921, 1953, 2145, 2161, 2209, 2263, 2273, 2297, 2391, 2440, 2521, 2609, 2707, 2756, 2849, 3029, 3041, 3065, 3129, 3136, 3181, 3387, 3429, 3485, 3630, 3641, 3677, 3741, 3891, 3953, 3966, 3995, 4017, 4044, 4052, 4085]
Execution Time : 
- 6583 nanoseconds
- 0.006583 milliseconds
- 6.583E-6 seconds
