File Name :caseF#3_5.in
Sort Algorithm Name : Avi_Sort
Total of data : 64
Data Before Sorted :
[1, 7, 5, 5, 3, 1, 5, 1, 7, 3, 5, 4, 4, 3, 1, 1, 1, 2, 7, 1, 8, 2, 5, 1, 5, 2, 1, 1, 2, 7, 1, 4, 5, 5, 5, 1, 8, 1, 1, 7, 5, 4, 7, 3, 1, 7, 4, 5, 1, 6, 6, 6, 5, 1, 5, 2, 8, 7, 1, 3, 1, 1, 3, 7]
Data after sorted :
[1, 1, 1, 1, 1, 1, 1, 1, 1, 1, 1, 1, 1, 1, 1, 1, 1, 1, 1, 1, 2, 2, 2, 2, 2, 3, 3, 3, 3, 3, 3, 4, 4, 4, 4, 4, 5, 5, 5, 5, 5, 5, 5, 5, 5, 5, 5, 5, 5, 6, 6, 6, 7, 7, 7, 7, 7, 7, 7, 7, 7, 8, 8, 8]
Execution Time : 
- 12089 nanoseconds
- 0.012089 milliseconds
- 1.2089E-5 seconds
