File Name :caseA#3_4.in
Sort Algorithm Name : Avi_Sort
Total of data : 64
Data Before Sorted :
[3243, 1281, 883, 2795, 1427, 1291, 737, 2529, 821, 2885, 1809, 2131, 859, 2981, 1221, 1380, 3139, 1291, 97, 2073, 2389, 2317, 3737, 3579, 1241, 1852, 2236, 2017, 3073, 525, 1969, 3677, 3494, 2856, 12, 3311, 3393, 1281, 2766, 3241, 321, 106, 1473, 490, 1007, 1361, 1102, 2412, 2057, 3708, 1025, 3105, 1514, 452, 1071, 2955, 1933, 3833, 3126, 1565, 521, 677, 2809, 3165]
Data after sorted :
[12, 97, 106, 321, 452, 490, 521, 525, 677, 737, 821, 859, 883, 1007, 1025, 1071, 1102, 1221, 1241, 1281, 1281, 1291, 1291, 1361, 1380, 1427, 1473, 1514, 1565, 1809, 1852, 1933, 1969, 2017, 2057, 2073, 2131, 2236, 2317, 2389, 2412, 2529, 2766, 2795, 2809, 2856, 2885, 2955, 2981, 3073, 3105, 3126, 3139, 3165, 3241, 3243, 3311, 3393, 3494, 3579, 3677, 3708, 3737, 3833]
Execution Time : 
- 13587 nanoseconds
- 0.013587 milliseconds
- 1.3587E-5 seconds
