File Name :caseB#4_6.in
Sort Algorithm Name : Avi_Sort
Total of data : 128
Data Before Sorted :
[17, 89, 104, 121, 972, 1105, 1153, 1161, 1237, 1455, 1525, 1535, 1709, 1741, 1743, 1823, 1893, 1985, 2017, 2119, 2209, 2377, 2546, 2585, 2614, 2793, 2999, 3179, 3204, 3265, 3400, 3401, 3439, 3476, 3599, 3793, 3907, 4089, 4255, 4261, 4369, 4569, 4809, 4960, 4985, 5131, 5491, 5609, 6095, 6213, 6236, 6273, 6384, 6458, 6507, 6575, 6818, 6937, 6939, 7267, 7295, 7301, 7310, 7437, 7825, 7965, 8297, 8303, 8361, 8455, 8641, 8721, 8781, 9169, 9213, 9304, 9641, 9645, 9721, 9961, 10257, 10443, 10677, 10847, 10849, 11117, 11161, 11383, 11517, 11521, 11586, 11629, 11677, 11701, 11917, 11941, 11994, 12065, 12097, 12709, 12848, 12910, 13140, 13377, 13558, 13672, 13788, 13901, 13959, 14013, 14104, 14261, 14511, 14581, 14626, 14723, 14835, 14863, 14921, 15147, 15269, 15413, 15519, 15651, 15821, 16087, 16137, 16183]
Data after sorted :
[17, 89, 104, 121, 972, 1105, 1153, 1161, 1237, 1455, 1525, 1535, 1709, 1741, 1743, 1823, 1893, 1985, 2017, 2119, 2209, 2377, 2546, 2585, 2614, 2793, 2999, 3179, 3204, 3265, 3400, 3401, 3439, 3476, 3599, 3793, 3907, 4089, 4255, 4261, 4369, 4569, 4809, 4960, 4985, 5131, 5491, 5609, 6095, 6213, 6236, 6273, 6384, 6458, 6507, 6575, 6818, 6937, 6939, 7267, 7295, 7301, 7310, 7437, 7825, 7965, 8297, 8303, 8361, 8455, 8641, 8721, 8781, 9169, 9213, 9304, 9641, 9645, 9721, 9961, 10257, 10443, 10677, 10847, 10849, 11117, 11161, 11383, 11517, 11521, 11586, 11629, 11677, 11701, 11917, 11941, 11994, 12065, 12097, 12709, 12848, 12910, 13140, 13377, 13558, 13672, 13788, 13901, 13959, 14013, 14104, 14261, 14511, 14581, 14626, 14723, 14835, 14863, 14921, 15147, 15269, 15413, 15519, 15651, 15821, 16087, 16137, 16183]
Execution Time : 
- 19666 nanoseconds
- 0.019666 milliseconds
- 1.9666E-5 seconds
