File Name :caseD#3_3.in
Sort Algorithm Name : Avi_Sort
Total of data : 64
Data Before Sorted :
[55, 68, 127, 146, 153, 156, 352, 361, 369, 625, 651, 680, 688, 759, 811, 888, 929, 941, 1213, 1281, 1331, 1401, 1417, 1569, 1592, 1637, 1643, 1681, 1877, 2047, 2065, 2114, 2139, 2325, 2329, 2477, 2524, 2673, 2794, 2815, 2828, 2837, 2898, 2905, 3061, 3125, 3193, 3317, 3329, 3369, 3481, 3505, 3527, 3621, 3753, 3763, 3827, 3881, 3890, 4027, 4082, 2846, 2809, 4011]
Data after sorted :
[55, 68, 127, 146, 153, 156, 352, 361, 369, 625, 651, 680, 688, 759, 811, 888, 929, 941, 1213, 1281, 1331, 1401, 1417, 1569, 1592, 1637, 1643, 1681, 1877, 2047, 2065, 2114, 2139, 2325, 2329, 2477, 2524, 2673, 2794, 2809, 2815, 2828, 2837, 2846, 2898, 2905, 3061, 3125, 3193, 3317, 3329, 3369, 3481, 3505, 3527, 3621, 3753, 3763, 3827, 3881, 3890, 4011, 4027, 4082]
Execution Time : 
- 6948 nanoseconds
- 0.006948 milliseconds
- 6.948E-6 seconds
