File Name :caseE#3_2.in
Sort Algorithm Name : Avi_Sort
Total of data : 64
Data Before Sorted :
[1, 55, 76, 413, 434, 447, 534, 553, 659, 741, 755, 890, 930, 961, 1045, 1061, 1121, 1202, 1381, 1542, 1583, 1585, 1605, 1629, 1662, 1677, 1723, 1757, 1865, 1873, 2049, 2103, 2121, 2188, 2254, 2340, 2505, 2557, 2689, 2731, 2735, 2897, 2949, 3025, 3087, 3129, 3326, 3329, 3377, 3405, 3561, 3721, 3777, 3780, 3937, 3986, 4002, 4082, 1702, 3205, 1598, 557, 2113, 107]
Data after sorted :
[1, 55, 76, 107, 413, 434, 447, 534, 553, 557, 659, 741, 755, 890, 930, 961, 1045, 1061, 1121, 1202, 1381, 1542, 1583, 1585, 1598, 1605, 1629, 1662, 1677, 1702, 1723, 1757, 1865, 1873, 2049, 2103, 2113, 2121, 2188, 2254, 2340, 2505, 2557, 2689, 2731, 2735, 2897, 2949, 3025, 3087, 3129, 3205, 3326, 3329, 3377, 3405, 3561, 3721, 3777, 3780, 3937, 3986, 4002, 4082]
Execution Time : 
- 9680 nanoseconds
- 0.00968 milliseconds
- 9.679999999999999E-6 seconds
