File Name :caseA#4_7.in
Sort Algorithm Name : Avi_Sort
Total of data : 128
Data Before Sorted :
[9741, 12943, 1895, 2305, 3766, 16201, 8377, 5706, 10959, 4626, 12795, 16065, 11879, 1418, 4119, 5214, 12057, 2724, 16163, 15237, 3393, 8525, 11144, 13772, 11683, 12363, 10239, 4067, 2773, 287, 8827, 12391, 2677, 12065, 5884, 12077, 3739, 7275, 11937, 7525, 5801, 12433, 15633, 7686, 7069, 6479, 10983, 9445, 14499, 6283, 1093, 12353, 13297, 9289, 10539, 15536, 2931, 1185, 7084, 1657, 2379, 5705, 13355, 12823, 3831, 10372, 15322, 11019, 5633, 15973, 13137, 11859, 4690, 5017, 13887, 10189, 148, 15527, 8015, 9189, 9825, 1130, 10808, 6639, 11116, 12135, 14365, 15867, 9095, 12074, 11501, 11529, 15355, 5768, 6378, 15006, 9892, 16352, 15646, 16220, 15617, 7249, 4788, 9625, 10703, 10327, 13209, 723, 11338, 15169, 12821, 1743, 4897, 10741, 2708, 8671, 2567, 11809, 13924, 6565, 4063, 3601, 5483, 13805, 12933, 1433, 9297, 9277]
Data after sorted :
[148, 287, 723, 1093, 1130, 1185, 1418, 1433, 1657, 1743, 1895, 2305, 2379, 2567, 2677, 2708, 2724, 2773, 2931, 3393, 3601, 3739, 3766, 3831, 4063, 4067, 4119, 4626, 4690, 4788, 4897, 5017, 5214, 5483, 5633, 5705, 5706, 5768, 5801, 5884, 6283, 6378, 6479, 6565, 6639, 7069, 7084, 7249, 7275, 7525, 7686, 8015, 8377, 8525, 8671, 8827, 9095, 9189, 9277, 9289, 9297, 9445, 9625, 9741, 9825, 9892, 10189, 10239, 10327, 10372, 10539, 10703, 10741, 10808, 10959, 10983, 11019, 11116, 11144, 11338, 11501, 11529, 11683, 11809, 11859, 11879, 11937, 12057, 12065, 12074, 12077, 12135, 12353, 12363, 12391, 12433, 12795, 12821, 12823, 12933, 12943, 13137, 13209, 13297, 13355, 13772, 13805, 13887, 13924, 14365, 14499, 15006, 15169, 15237, 15322, 15355, 15527, 15536, 15617, 15633, 15646, 15867, 15973, 16065, 16163, 16201, 16220, 16352]
Execution Time : 
- 37163 nanoseconds
- 0.037163 milliseconds
- 3.7163E-5 seconds
