File Name :caseC#3_4.in
Sort Algorithm Name : Oyelami_Sort
Total of data : 64
Data Before Sorted :
[4013, 3933, 3900, 3868, 3760, 3662, 3624, 3597, 3406, 3359, 3309, 3224, 3174, 3121, 3116, 3071, 3045, 3030, 2932, 2921, 2887, 2857, 2793, 2679, 2673, 2633, 2555, 2460, 2409, 2345, 2332, 2257, 2247, 2229, 2192, 2186, 2079, 2003, 1887, 1824, 1665, 1659, 1453, 1411, 1297, 1281, 1207, 1193, 1137, 930, 913, 849, 761, 735, 708, 496, 257, 251, 201, 183, 165, 143, 129, 75]
Data after sorted :
[75, 129, 143, 165, 183, 201, 251, 257, 496, 708, 735, 761, 849, 913, 930, 1137, 1193, 1207, 1281, 1297, 1411, 1453, 1659, 1665, 1824, 1887, 2003, 2079, 2186, 2192, 2229, 2247, 2257, 2332, 2345, 2409, 2460, 2555, 2633, 2673, 2679, 2793, 2857, 2887, 2921, 2932, 3030, 3045, 3071, 3116, 3121, 3174, 3224, 3309, 3359, 3406, 3597, 3624, 3662, 3760, 3868, 3900, 3933, 4013]
Execution Time : 
- 10576 nanoseconds
- 0.010576 milliseconds
- 1.0576E-5 seconds
