File Name :caseB#3_4.in
Sort Algorithm Name : Oyelami_Sort
Total of data : 64
Data Before Sorted :
[13, 24, 70, 194, 473, 505, 513, 591, 602, 925, 967, 986, 1171, 1175, 1189, 1297, 1409, 1451, 1459, 1517, 1781, 1901, 1922, 2044, 2049, 2063, 2073, 2145, 2255, 2324, 2397, 2445, 2447, 2449, 2513, 2605, 2645, 2675, 2717, 2721, 2733, 2738, 2739, 2871, 3081, 3122, 3298, 3403, 3413, 3467, 3483, 3561, 3629, 3635, 3734, 3795, 3812, 3826, 3841, 3903, 3908, 4041, 4049, 4057]
Data after sorted :
[13, 24, 70, 194, 473, 505, 513, 591, 602, 925, 967, 986, 1171, 1175, 1189, 1297, 1409, 1451, 1459, 1517, 1781, 1901, 1922, 2044, 2049, 2063, 2073, 2145, 2255, 2324, 2397, 2445, 2447, 2449, 2513, 2605, 2645, 2675, 2717, 2721, 2733, 2738, 2739, 2871, 3081, 3122, 3298, 3403, 3413, 3467, 3483, 3561, 3629, 3635, 3734, 3795, 3812, 3826, 3841, 3903, 3908, 4041, 4049, 4057]
Execution Time : 
- 17140 nanoseconds
- 0.01714 milliseconds
- 1.714E-5 seconds
