File Name :caseA#4_3.in
Sort Algorithm Name : Oyelami_Sort
Total of data : 128
Data Before Sorted :
[5891, 1764, 1361, 10723, 1886, 13102, 2123, 10011, 10511, 8985, 11438, 6233, 11499, 89, 6601, 14818, 9793, 10404, 10239, 15361, 12256, 10545, 5676, 6575, 6307, 14749, 9113, 3713, 15383, 8896, 54, 4971, 4169, 12305, 2056, 3257, 701, 2817, 12935, 11443, 6633, 9069, 11309, 12149, 4688, 970, 8483, 5103, 7386, 3884, 2313, 143, 8629, 15921, 11389, 3354, 7167, 7005, 12625, 11757, 15632, 12977, 9395, 15557, 1824, 7557, 486, 13557, 11805, 14881, 2727, 9601, 13802, 6648, 1017, 1441, 10235, 6821, 14263, 2060, 5573, 5584, 9723, 15513, 6777, 11246, 13321, 13249, 2951, 609, 12889, 7916, 12199, 11857, 6447, 13354, 12369, 15628, 1844, 10369, 2723, 13861, 8234, 2353, 9422, 7561, 7691, 7103, 4349, 3611, 6141, 4193, 2369, 1373, 6657, 12827, 1601, 11523, 13435, 8419, 6939, 6849, 14449, 9077, 10293, 2417, 5123, 9323]
Data after sorted :
[54, 89, 143, 486, 609, 701, 970, 1017, 1361, 1373, 1441, 1601, 1764, 1824, 1844, 1886, 2056, 2060, 2123, 2313, 2353, 2369, 2417, 2723, 2727, 2817, 2951, 3257, 3354, 3611, 3713, 3884, 4169, 4193, 4349, 4688, 4971, 5103, 5123, 5573, 5584, 5676, 5891, 6141, 6233, 6307, 6447, 6575, 6601, 6633, 6648, 6657, 6777, 6821, 6849, 6939, 7005, 7103, 7167, 7386, 7557, 7561, 7691, 7916, 8234, 8419, 8483, 8629, 8896, 8985, 9069, 9077, 9113, 9323, 9395, 9422, 9601, 9723, 9793, 10011, 10235, 10239, 10293, 10369, 10404, 10511, 10545, 10723, 11246, 11309, 11389, 11438, 11443, 11499, 11523, 11757, 11805, 11857, 12149, 12199, 12256, 12305, 12369, 12625, 12827, 12889, 12935, 12977, 13102, 13249, 13321, 13354, 13435, 13557, 13802, 13861, 14263, 14449, 14749, 14818, 14881, 15361, 15383, 15513, 15557, 15628, 15632, 15921]
Execution Time : 
- 69288 nanoseconds
- 0.069288 milliseconds
- 6.9288E-5 seconds
