File Name :caseB#4_7.in
Sort Algorithm Name : Oyelami_Sort
Total of data : 128
Data Before Sorted :
[37, 275, 753, 1045, 1156, 1517, 1549, 1955, 2137, 2205, 2417, 2515, 2588, 3213, 3981, 3989, 4047, 4129, 4314, 4433, 4535, 4713, 4797, 4872, 5019, 5257, 5665, 5967, 6321, 6355, 6377, 6461, 6563, 6612, 6739, 6944, 7030, 7235, 7393, 7590, 7696, 7818, 7845, 7853, 7866, 8264, 8270, 8350, 8403, 8547, 8770, 8839, 9025, 9057, 9138, 9228, 9233, 9249, 9282, 9360, 9505, 9516, 9581, 9597, 9797, 9803, 9833, 9881, 9913, 10075, 10109, 10125, 10175, 10291, 10308, 10399, 10522, 10573, 10648, 10718, 10773, 10913, 10998, 11025, 11061, 11255, 11270, 11446, 11457, 11569, 11785, 11971, 12037, 12049, 12289, 12609, 12685, 12689, 12762, 12785, 12921, 12953, 13161, 13257, 13303, 13393, 13476, 13559, 13777, 13801, 13937, 14089, 14113, 14136, 14196, 14273, 14484, 14513, 14551, 14552, 14929, 15013, 15041, 15203, 15217, 15758, 16125, 16321]
Data after sorted :
[37, 275, 753, 1045, 1156, 1517, 1549, 1955, 2137, 2205, 2417, 2515, 2588, 3213, 3981, 3989, 4047, 4129, 4314, 4433, 4535, 4713, 4797, 4872, 5019, 5257, 5665, 5967, 6321, 6355, 6377, 6461, 6563, 6612, 6739, 6944, 7030, 7235, 7393, 7590, 7696, 7818, 7845, 7853, 7866, 8264, 8270, 8350, 8403, 8547, 8770, 8839, 9025, 9057, 9138, 9228, 9233, 9249, 9282, 9360, 9505, 9516, 9581, 9597, 9797, 9803, 9833, 9881, 9913, 10075, 10109, 10125, 10175, 10291, 10308, 10399, 10522, 10573, 10648, 10718, 10773, 10913, 10998, 11025, 11061, 11255, 11270, 11446, 11457, 11569, 11785, 11971, 12037, 12049, 12289, 12609, 12685, 12689, 12762, 12785, 12921, 12953, 13161, 13257, 13303, 13393, 13476, 13559, 13777, 13801, 13937, 14089, 14113, 14136, 14196, 14273, 14484, 14513, 14551, 14552, 14929, 15013, 15041, 15203, 15217, 15758, 16125, 16321]
Execution Time : 
- 59806 nanoseconds
- 0.059806 milliseconds
- 5.9805999999999996E-5 seconds
