File Name :caseF#6_4.in
Sort Algorithm Name : Oyelami_Sort
Total of data : 512
Data Before Sorted :
[11, 19, 8, 9, 21, 8, 7, 6, 7, 11, 3, 15, 7, 5, 1, 21, 20, 15, 17, 5, 14, 1, 1, 9, 18, 17, 2, 12, 6, 13, 8, 6, 16, 21, 4, 16, 17, 3, 3, 7, 5, 1, 22, 3, 1, 1, 17, 7, 16, 19, 18, 2, 16, 21, 1, 15, 10, 9, 18, 5, 13, 11, 21, 19, 22, 2, 20, 5, 3, 19, 1, 13, 15, 3, 18, 21, 7, 16, 17, 21, 7, 13, 2, 9, 15, 19, 3, 1, 1, 1, 19, 21, 11, 15, 17, 16, 13, 18, 5, 12, 21, 11, 1, 17, 19, 9, 15, 7, 1, 19, 13, 5, 13, 9, 7, 3, 5, 7, 13, 1, 10, 5, 7, 4, 21, 12, 13, 1, 1, 3, 17, 17, 5, 16, 7, 1, 3, 6, 19, 20, 5, 3, 9, 12, 18, 17, 8, 11, 5, 9, 21, 12, 13, 12, 2, 19, 19, 15, 4, 5, 3, 21, 9, 3, 19, 21, 21, 19, 19, 19, 17, 7, 1, 20, 17, 13, 5, 9, 9, 5, 10, 18, 5, 3, 12, 7, 7, 13, 19, 7, 15, 19, 1, 3, 21, 1, 12, 7, 1, 19, 4, 20, 16, 12, 17, 3, 1, 1, 3, 12, 5, 1, 17, 17, 9, 13, 5, 1, 21, 6, 6, 9, 13, 1, 20, 8, 21, 9, 5, 1, 3, 17, 12, 7, 11, 7, 21, 19, 22, 21, 1, 20, 5, 4, 5, 1, 21, 3, 3, 21, 18, 6, 7, 19, 13, 15, 15, 5, 13, 10, 13, 9, 13, 5, 9, 3, 7, 5, 19, 9, 1, 20, 21, 6, 1, 1, 17, 12, 16, 19, 11, 19, 16, 19, 19, 11, 20, 21, 19, 3, 2, 15, 1, 6, 7, 1, 10, 7, 3, 3, 5, 19, 15, 4, 15, 10, 5, 16, 13, 9, 9, 11, 7, 18, 15, 18, 5, 6, 21, 13, 17, 11, 15, 7, 17, 19, 17, 15, 12, 1, 5, 1, 7, 15, 17, 21, 3, 21, 12, 7, 9, 14, 1, 15, 1, 4, 1, 19, 10, 5, 9, 4, 9, 21, 21, 15, 12, 14, 5, 19, 3, 9, 5, 15, 1, 11, 22, 3, 9, 7, 15, 15, 5, 13, 7, 5, 10, 19, 21, 5, 2, 17, 5, 21, 12, 10, 5, 13, 3, 15, 3, 9, 21, 8, 11, 14, 19, 3, 19, 13, 1, 1, 11, 1, 15, 18, 14, 11, 15, 5, 6, 15, 1, 5, 1, 17, 1, 22, 1, 12, 8, 11, 14, 9, 17, 3, 4, 3, 1, 19, 13, 11, 11, 1, 22, 17, 1, 1, 12, 18, 1, 1, 9, 15, 9, 9, 6, 15, 1, 11, 1, 19, 11, 15, 11, 1, 14, 19, 19, 3, 21, 10, 15, 14, 21, 11, 9, 1, 13, 11, 7, 17, 14, 20, 13, 3, 3, 2, 1, 13, 11, 16, 19, 1, 19, 5, 15, 11, 17, 7, 6, 20, 5, 12, 19, 11, 22, 20, 5, 8, 7, 1, 14, 22, 14, 5, 11, 5, 15, 1, 1, 13]
Data after sorted :
[1, 1, 1, 1, 1, 1, 1, 1, 1, 1, 1, 1, 1, 1, 1, 1, 1, 1, 1, 1, 1, 1, 1, 1, 1, 1, 1, 1, 1, 1, 1, 1, 1, 1, 1, 1, 1, 1, 1, 1, 1, 1, 1, 1, 1, 1, 1, 1, 1, 1, 1, 1, 1, 1, 1, 1, 1, 1, 1, 1, 1, 1, 2, 2, 2, 2, 2, 2, 2, 2, 3, 3, 3, 3, 3, 3, 3, 3, 3, 3, 3, 3, 3, 3, 3, 3, 3, 3, 3, 3, 3, 3, 3, 3, 3, 3, 3, 3, 3, 3, 3, 3, 3, 3, 3, 4, 4, 4, 4, 4, 4, 4, 4, 4, 5, 5, 5, 5, 5, 5, 5, 5, 5, 5, 5, 5, 5, 5, 5, 5, 5, 5, 5, 5, 5, 5, 5, 5, 5, 5, 5, 5, 5, 5, 5, 5, 5, 5, 5, 5, 5, 5, 5, 5, 5, 5, 5, 6, 6, 6, 6, 6, 6, 6, 6, 6, 6, 6, 6, 6, 7, 7, 7, 7, 7, 7, 7, 7, 7, 7, 7, 7, 7, 7, 7, 7, 7, 7, 7, 7, 7, 7, 7, 7, 7, 7, 7, 7, 7, 7, 7, 7, 8, 8, 8, 8, 8, 8, 8, 8, 9, 9, 9, 9, 9, 9, 9, 9, 9, 9, 9, 9, 9, 9, 9, 9, 9, 9, 9, 9, 9, 9, 9, 9, 9, 9, 9, 9, 9, 9, 10, 10, 10, 10, 10, 10, 10, 10, 10, 10, 11, 11, 11, 11, 11, 11, 11, 11, 11, 11, 11, 11, 11, 11, 11, 11, 11, 11, 11, 11, 11, 11, 11, 11, 11, 11, 11, 12, 12, 12, 12, 12, 12, 12, 12, 12, 12, 12, 12, 12, 12, 12, 12, 12, 12, 12, 13, 13, 13, 13, 13, 13, 13, 13, 13, 13, 13, 13, 13, 13, 13, 13, 13, 13, 13, 13, 13, 13, 13, 13, 13, 13, 13, 13, 14, 14, 14, 14, 14, 14, 14, 14, 14, 14, 14, 15, 15, 15, 15, 15, 15, 15, 15, 15, 15, 15, 15, 15, 15, 15, 15, 15, 15, 15, 15, 15, 15, 15, 15, 15, 15, 15, 15, 15, 15, 15, 15, 15, 16, 16, 16, 16, 16, 16, 16, 16, 16, 16, 16, 16, 17, 17, 17, 17, 17, 17, 17, 17, 17, 17, 17, 17, 17, 17, 17, 17, 17, 17, 17, 17, 17, 17, 17, 17, 17, 17, 17, 18, 18, 18, 18, 18, 18, 18, 18, 18, 18, 18, 18, 19, 19, 19, 19, 19, 19, 19, 19, 19, 19, 19, 19, 19, 19, 19, 19, 19, 19, 19, 19, 19, 19, 19, 19, 19, 19, 19, 19, 19, 19, 19, 19, 19, 19, 19, 19, 19, 19, 19, 19, 20, 20, 20, 20, 20, 20, 20, 20, 20, 20, 20, 20, 21, 21, 21, 21, 21, 21, 21, 21, 21, 21, 21, 21, 21, 21, 21, 21, 21, 21, 21, 21, 21, 21, 21, 21, 21, 21, 21, 21, 21, 21, 21, 21, 21, 22, 22, 22, 22, 22, 22, 22, 22]
Execution Time : 
- 867919 nanoseconds
- 0.867919 milliseconds
- 8.67919E-4 seconds
