File Name :caseA#2_8.in
Sort Algorithm Name : Oyelami_Sort
Total of data : 32
Data Before Sorted :
[65, 705, 941, 343, 441, 879, 815, 551, 825, 95, 691, 762, 718, 955, 373, 359, 519, 496, 809, 605, 915, 73, 593, 845, 334, 258, 850, 869, 353, 55, 1001, 833]
Data after sorted :
[55, 65, 73, 95, 258, 334, 343, 353, 359, 373, 441, 496, 519, 551, 593, 605, 691, 705, 718, 762, 809, 815, 825, 833, 845, 850, 869, 879, 915, 941, 955, 1001]
Execution Time : 
- 6199 nanoseconds
- 0.006199 milliseconds
- 6.1989999999999994E-6 seconds
