File Name :caseE#2_10.in
Sort Algorithm Name : Oyelami_Sort
Total of data : 32
Data Before Sorted :
[1, 143, 147, 161, 225, 229, 247, 249, 265, 271, 279, 308, 313, 331, 385, 472, 485, 495, 641, 705, 787, 799, 827, 829, 837, 877, 893, 1000, 1001, 204, 823, 480]
Data after sorted :
[1, 143, 147, 161, 204, 225, 229, 247, 249, 265, 271, 279, 308, 313, 331, 385, 472, 480, 485, 495, 641, 705, 787, 799, 823, 827, 829, 837, 877, 893, 1000, 1001]
Execution Time : 
- 6199 nanoseconds
- 0.006199 milliseconds
- 6.1989999999999994E-6 seconds
