File Name :caseF#4_5.in
Sort Algorithm Name : Oyelami_Sort
Total of data : 128
Data Before Sorted :
[8, 3, 10, 1, 6, 1, 3, 1, 7, 2, 3, 5, 1, 3, 7, 3, 7, 1, 7, 3, 1, 4, 7, 9, 7, 10, 4, 7, 10, 6, 1, 9, 4, 1, 1, 7, 1, 2, 1, 10, 11, 1, 11, 4, 4, 7, 10, 3, 1, 4, 1, 8, 7, 6, 4, 2, 10, 3, 9, 5, 1, 4, 1, 3, 6, 9, 5, 10, 11, 8, 2, 9, 4, 8, 3, 1, 1, 1, 2, 8, 3, 1, 5, 3, 6, 11, 9, 2, 9, 5, 8, 6, 2, 11, 10, 3, 9, 11, 1, 11, 6, 3, 1, 3, 3, 8, 8, 3, 3, 3, 4, 1, 3, 10, 2, 6, 1, 4, 2, 2, 2, 11, 1, 1, 5, 3, 4, 8]
Data after sorted :
[1, 1, 1, 1, 1, 1, 1, 1, 1, 1, 1, 1, 1, 1, 1, 1, 1, 1, 1, 1, 1, 1, 1, 1, 1, 1, 2, 2, 2, 2, 2, 2, 2, 2, 2, 2, 2, 3, 3, 3, 3, 3, 3, 3, 3, 3, 3, 3, 3, 3, 3, 3, 3, 3, 3, 3, 3, 3, 4, 4, 4, 4, 4, 4, 4, 4, 4, 4, 4, 4, 5, 5, 5, 5, 5, 5, 6, 6, 6, 6, 6, 6, 6, 6, 7, 7, 7, 7, 7, 7, 7, 7, 7, 7, 8, 8, 8, 8, 8, 8, 8, 8, 8, 9, 9, 9, 9, 9, 9, 9, 9, 10, 10, 10, 10, 10, 10, 10, 10, 10, 11, 11, 11, 11, 11, 11, 11, 11]
Execution Time : 
- 38655 nanoseconds
- 0.038655 milliseconds
- 3.8655E-5 seconds
