File Name :caseF#5_10.in
Sort Algorithm Name : Oyelami_Sort
Total of data : 256
Data Before Sorted :
[1, 1, 8, 11, 5, 2, 7, 1, 11, 5, 5, 15, 8, 5, 4, 5, 10, 7, 1, 13, 1, 9, 8, 13, 14, 3, 6, 3, 3, 11, 15, 1, 5, 1, 9, 1, 1, 6, 1, 7, 1, 9, 7, 13, 11, 7, 1, 8, 9, 11, 4, 1, 5, 15, 4, 9, 13, 12, 13, 1, 12, 1, 9, 1, 5, 6, 2, 9, 1, 9, 9, 1, 3, 15, 7, 4, 11, 3, 5, 7, 3, 11, 5, 13, 11, 4, 9, 13, 11, 6, 9, 11, 1, 10, 10, 15, 7, 1, 1, 15, 15, 11, 16, 9, 6, 3, 11, 9, 1, 5, 9, 7, 1, 1, 16, 12, 1, 13, 5, 10, 1, 9, 1, 5, 5, 5, 14, 7, 2, 8, 9, 14, 13, 1, 9, 14, 5, 9, 1, 3, 11, 13, 1, 6, 1, 7, 1, 16, 6, 9, 9, 11, 9, 15, 1, 12, 3, 5, 9, 7, 13, 13, 11, 9, 1, 2, 15, 13, 13, 13, 12, 13, 8, 5, 13, 1, 7, 15, 9, 3, 1, 8, 10, 1, 9, 1, 6, 5, 13, 1, 10, 1, 1, 9, 1, 15, 3, 5, 1, 14, 14, 9, 6, 1, 9, 8, 14, 9, 16, 9, 5, 2, 10, 2, 1, 1, 3, 5, 9, 3, 3, 9, 5, 3, 7, 1, 1, 1, 9, 5, 7, 15, 16, 6, 15, 14, 11, 9, 5, 1, 9, 3, 1, 13, 13, 1, 3, 14, 13, 9, 11, 5, 9, 1, 10, 9]
Data after sorted :
[1, 1, 1, 1, 1, 1, 1, 1, 1, 1, 1, 1, 1, 1, 1, 1, 1, 1, 1, 1, 1, 1, 1, 1, 1, 1, 1, 1, 1, 1, 1, 1, 1, 1, 1, 1, 1, 1, 1, 1, 1, 1, 1, 1, 1, 1, 1, 1, 1, 1, 1, 1, 1, 2, 2, 2, 2, 2, 2, 3, 3, 3, 3, 3, 3, 3, 3, 3, 3, 3, 3, 3, 3, 3, 3, 3, 4, 4, 4, 4, 4, 5, 5, 5, 5, 5, 5, 5, 5, 5, 5, 5, 5, 5, 5, 5, 5, 5, 5, 5, 5, 5, 5, 5, 5, 5, 5, 6, 6, 6, 6, 6, 6, 6, 6, 6, 6, 7, 7, 7, 7, 7, 7, 7, 7, 7, 7, 7, 7, 7, 7, 7, 8, 8, 8, 8, 8, 8, 8, 8, 9, 9, 9, 9, 9, 9, 9, 9, 9, 9, 9, 9, 9, 9, 9, 9, 9, 9, 9, 9, 9, 9, 9, 9, 9, 9, 9, 9, 9, 9, 9, 9, 9, 9, 9, 9, 9, 9, 10, 10, 10, 10, 10, 10, 10, 10, 11, 11, 11, 11, 11, 11, 11, 11, 11, 11, 11, 11, 11, 11, 11, 11, 11, 12, 12, 12, 12, 12, 13, 13, 13, 13, 13, 13, 13, 13, 13, 13, 13, 13, 13, 13, 13, 13, 13, 13, 13, 13, 13, 14, 14, 14, 14, 14, 14, 14, 14, 14, 15, 15, 15, 15, 15, 15, 15, 15, 15, 15, 15, 15, 15, 16, 16, 16, 16, 16]
Execution Time : 
- 196193 nanoseconds
- 0.196193 milliseconds
- 1.96193E-4 seconds
