File Name :caseA#5_6.in
Sort Algorithm Name : Oyelami_Sort
Total of data : 256
Data Before Sorted :
[39954, 31133, 5841, 33348, 38771, 54713, 3161, 16592, 12705, 46699, 30424, 23069, 38345, 37281, 61201, 50713, 9341, 25040, 30878, 58945, 29357, 3921, 8351, 21369, 3963, 3187, 30285, 527, 57757, 60934, 5383, 5431, 7091, 5496, 6276, 19369, 17, 19869, 5577, 32691, 385, 63589, 8609, 36027, 13991, 30532, 54783, 36555, 36041, 51129, 58077, 47575, 59969, 33733, 50853, 7419, 63039, 18557, 10701, 14613, 17973, 6561, 32445, 37675, 39661, 48441, 22822, 2241, 55629, 64599, 28798, 9098, 50569, 7065, 59709, 29405, 62065, 21309, 55585, 40387, 24131, 59698, 9617, 42010, 49848, 47799, 29747, 9729, 47845, 31233, 12973, 42829, 352, 17079, 12547, 481, 40919, 30800, 8344, 17931, 51070, 63593, 35665, 41317, 42315, 19791, 55455, 27681, 16487, 24592, 63015, 53107, 32987, 60987, 1667, 59971, 5917, 26355, 3806, 2153, 15251, 26075, 60893, 19841, 16445, 61733, 25217, 10494, 43886, 25401, 45875, 16865, 64809, 17889, 4688, 45041, 8821, 58231, 21305, 49329, 63934, 43667, 1321, 36221, 8417, 37127, 30529, 52337, 30963, 10869, 57597, 22890, 26529, 12960, 55878, 28563, 32558, 22089, 12715, 62202, 59223, 43903, 19471, 25940, 40297, 14790, 42159, 33953, 26761, 56201, 29317, 57729, 58145, 13378, 38215, 13179, 20493, 33759, 62852, 36889, 51445, 33689, 33985, 22985, 55625, 35017, 36645, 10819, 15653, 17249, 4729, 30497, 58513, 10753, 59692, 40897, 29814, 3249, 449, 58705, 21497, 39463, 13318, 19605, 43243, 60997, 38615, 39321, 24202, 8087, 12371, 60129, 36909, 58325, 48024, 40384, 25697, 22211, 48953, 3637, 41385, 31926, 54858, 26507, 65311, 60857, 29681, 41022, 42443, 13324, 24193, 27501, 6452, 5453, 38032, 33248, 44565, 38721, 59609, 28513, 58821, 33945, 49149, 57003, 45824, 28081, 14447, 25410, 696, 32645, 54312, 42705, 54657, 32227, 12605, 36032]
Data after sorted :
[17, 352, 385, 449, 481, 527, 696, 1321, 1667, 2153, 2241, 3161, 3187, 3249, 3637, 3806, 3921, 3963, 4688, 4729, 5383, 5431, 5453, 5496, 5577, 5841, 5917, 6276, 6452, 6561, 7065, 7091, 7419, 8087, 8344, 8351, 8417, 8609, 8821, 9098, 9341, 9617, 9729, 10494, 10701, 10753, 10819, 10869, 12371, 12547, 12605, 12705, 12715, 12960, 12973, 13179, 13318, 13324, 13378, 13991, 14447, 14613, 14790, 15251, 15653, 16445, 16487, 16592, 16865, 17079, 17249, 17889, 17931, 17973, 18557, 19369, 19471, 19605, 19791, 19841, 19869, 20493, 21305, 21309, 21369, 21497, 22089, 22211, 22822, 22890, 22985, 23069, 24131, 24193, 24202, 24592, 25040, 25217, 25401, 25410, 25697, 25940, 26075, 26355, 26507, 26529, 26761, 27501, 27681, 28081, 28513, 28563, 28798, 29317, 29357, 29405, 29681, 29747, 29814, 30285, 30424, 30497, 30529, 30532, 30800, 30878, 30963, 31133, 31233, 31926, 32227, 32445, 32558, 32645, 32691, 32987, 33248, 33348, 33689, 33733, 33759, 33945, 33953, 33985, 35017, 35665, 36027, 36032, 36041, 36221, 36555, 36645, 36889, 36909, 37127, 37281, 37675, 38032, 38215, 38345, 38615, 38721, 38771, 39321, 39463, 39661, 39954, 40297, 40384, 40387, 40897, 40919, 41022, 41317, 41385, 42010, 42159, 42315, 42443, 42705, 42829, 43243, 43667, 43886, 43903, 44565, 45041, 45824, 45875, 46699, 47575, 47799, 47845, 48024, 48441, 48953, 49149, 49329, 49848, 50569, 50713, 50853, 51070, 51129, 51445, 52337, 53107, 54312, 54657, 54713, 54783, 54858, 55455, 55585, 55625, 55629, 55878, 56201, 57003, 57597, 57729, 57757, 58077, 58145, 58231, 58325, 58513, 58705, 58821, 58945, 59223, 59609, 59692, 59698, 59709, 59969, 59971, 60129, 60857, 60893, 60934, 60987, 60997, 61201, 61733, 62065, 62202, 62852, 63015, 63039, 63589, 63593, 63934, 64599, 64809, 65311]
Execution Time : 
- 223909 nanoseconds
- 0.223909 milliseconds
- 2.23909E-4 seconds
