File Name :caseE#3_4.in
Sort Algorithm Name : Oyelami_Sort
Total of data : 64
Data Before Sorted :
[41, 44, 113, 141, 244, 309, 313, 385, 391, 417, 451, 585, 614, 673, 712, 867, 887, 983, 984, 1153, 1213, 1217, 1362, 1381, 1533, 1552, 1663, 1733, 1891, 1926, 1961, 1973, 2012, 2165, 2389, 2417, 2425, 2470, 2625, 2711, 2794, 2817, 2851, 2901, 2984, 3085, 3177, 3350, 3351, 3361, 3392, 3709, 3812, 3874, 3926, 3958, 4007, 4066, 3201, 2009, 3811, 299, 2291, 1821]
Data after sorted :
[41, 44, 113, 141, 244, 299, 309, 313, 385, 391, 417, 451, 585, 614, 673, 712, 867, 887, 983, 984, 1153, 1213, 1217, 1362, 1381, 1533, 1552, 1663, 1733, 1821, 1891, 1926, 1961, 1973, 2009, 2012, 2165, 2291, 2389, 2417, 2425, 2470, 2625, 2711, 2794, 2817, 2851, 2901, 2984, 3085, 3177, 3201, 3350, 3351, 3361, 3392, 3709, 3811, 3812, 3874, 3926, 3958, 4007, 4066]
Execution Time : 
- 15681 nanoseconds
- 0.015681 milliseconds
- 1.5681E-5 seconds
