File Name :caseE#3_7.in
Sort Algorithm Name : Oyelami_Sort
Total of data : 64
Data Before Sorted :
[53, 89, 233, 241, 371, 455, 541, 614, 681, 745, 748, 810, 838, 941, 946, 947, 957, 1038, 1069, 1237, 1243, 1309, 1375, 1411, 1512, 1560, 1689, 1729, 1741, 1779, 1841, 1937, 2362, 2375, 2493, 2583, 2599, 2652, 2689, 2785, 2799, 2897, 2976, 3121, 3179, 3317, 3325, 3378, 3457, 3569, 3625, 3659, 3748, 3754, 3767, 3806, 3974, 4067, 287, 3607, 3225, 1071, 1699, 858]
Data after sorted :
[53, 89, 233, 241, 287, 371, 455, 541, 614, 681, 745, 748, 810, 838, 858, 941, 946, 947, 957, 1038, 1069, 1071, 1237, 1243, 1309, 1375, 1411, 1512, 1560, 1689, 1699, 1729, 1741, 1779, 1841, 1937, 2362, 2375, 2493, 2583, 2599, 2652, 2689, 2785, 2799, 2897, 2976, 3121, 3179, 3225, 3317, 3325, 3378, 3457, 3569, 3607, 3625, 3659, 3748, 3754, 3767, 3806, 3974, 4067]
Execution Time : 
- 16045 nanoseconds
- 0.016045 milliseconds
- 1.6045E-5 seconds
