File Name :caseC#4_1.in
Sort Algorithm Name : Oyelami_Sort
Total of data : 128
Data Before Sorted :
[16384, 16317, 16306, 16261, 16229, 16209, 16129, 16069, 15865, 15707, 15601, 15382, 15249, 15193, 15079, 15057, 14974, 14905, 14892, 14849, 14717, 14459, 13942, 13785, 13595, 13493, 12826, 12777, 12455, 12326, 12324, 12019, 11982, 11705, 11693, 11665, 11657, 11493, 11263, 11233, 10934, 10729, 10636, 10525, 10459, 10405, 10177, 9876, 9737, 9731, 9417, 9333, 9200, 8943, 8705, 8681, 8241, 8129, 7937, 7525, 7521, 7389, 7307, 7185, 7180, 7157, 7009, 6943, 6909, 6874, 6787, 6741, 6737, 6623, 6338, 6177, 6157, 5930, 5918, 5841, 5808, 5496, 5485, 5297, 5279, 5186, 5171, 5145, 5113, 5106, 5067, 5057, 5053, 4921, 4905, 4451, 4292, 4065, 3917, 3836, 3775, 3507, 3371, 3345, 3224, 3182, 2965, 2924, 2827, 2546, 2417, 2322, 2183, 2151, 1768, 1619, 1409, 1402, 1401, 1310, 1295, 1225, 1091, 1025, 768, 717, 531, 289]
Data after sorted :
[289, 531, 717, 768, 1025, 1091, 1225, 1295, 1310, 1401, 1402, 1409, 1619, 1768, 2151, 2183, 2322, 2417, 2546, 2827, 2924, 2965, 3182, 3224, 3345, 3371, 3507, 3775, 3836, 3917, 4065, 4292, 4451, 4905, 4921, 5053, 5057, 5067, 5106, 5113, 5145, 5171, 5186, 5279, 5297, 5485, 5496, 5808, 5841, 5918, 5930, 6157, 6177, 6338, 6623, 6737, 6741, 6787, 6874, 6909, 6943, 7009, 7157, 7180, 7185, 7307, 7389, 7521, 7525, 7937, 8129, 8241, 8681, 8705, 8943, 9200, 9333, 9417, 9731, 9737, 9876, 10177, 10405, 10459, 10525, 10636, 10729, 10934, 11233, 11263, 11493, 11657, 11665, 11693, 11705, 11982, 12019, 12324, 12326, 12455, 12777, 12826, 13493, 13595, 13785, 13942, 14459, 14717, 14849, 14892, 14905, 14974, 15057, 15079, 15193, 15249, 15382, 15601, 15707, 15865, 16069, 16129, 16209, 16229, 16261, 16306, 16317, 16384]
Execution Time : 
- 39020 nanoseconds
- 0.03902 milliseconds
- 3.902E-5 seconds
