File Name :caseC#4_3.in
Sort Algorithm Name : Oyelami_Sort
Total of data : 128
Data Before Sorted :
[16384, 16207, 16115, 15651, 15335, 15184, 15139, 15107, 14985, 14836, 14593, 14565, 14538, 14364, 14145, 14093, 13857, 13372, 12929, 12848, 12819, 12809, 12669, 12561, 12491, 12188, 11334, 11318, 11281, 11057, 11045, 10893, 10712, 10629, 10326, 10307, 10067, 10033, 9961, 9915, 9910, 9837, 9749, 9579, 9553, 9501, 9471, 8949, 8849, 8817, 8803, 8495, 8430, 8393, 8323, 8321, 8175, 8130, 7949, 7837, 7787, 7729, 7689, 7658, 7411, 7397, 7046, 6537, 6526, 6401, 6379, 6295, 6251, 6127, 6071, 5997, 5941, 5793, 5666, 5647, 5561, 5541, 5336, 5329, 5273, 4697, 4593, 4469, 4176, 4145, 3757, 3585, 3311, 3296, 3164, 3109, 3005, 2919, 2885, 2753, 2736, 2607, 2561, 2545, 2519, 2348, 2326, 2193, 2177, 2157, 2073, 2057, 1732, 1695, 1609, 1569, 1431, 1263, 1243, 1181, 1065, 999, 973, 750, 481, 454, 284, 264]
Data after sorted :
[264, 284, 454, 481, 750, 973, 999, 1065, 1181, 1243, 1263, 1431, 1569, 1609, 1695, 1732, 2057, 2073, 2157, 2177, 2193, 2326, 2348, 2519, 2545, 2561, 2607, 2736, 2753, 2885, 2919, 3005, 3109, 3164, 3296, 3311, 3585, 3757, 4145, 4176, 4469, 4593, 4697, 5273, 5329, 5336, 5541, 5561, 5647, 5666, 5793, 5941, 5997, 6071, 6127, 6251, 6295, 6379, 6401, 6526, 6537, 7046, 7397, 7411, 7658, 7689, 7729, 7787, 7837, 7949, 8130, 8175, 8321, 8323, 8393, 8430, 8495, 8803, 8817, 8849, 8949, 9471, 9501, 9553, 9579, 9749, 9837, 9910, 9915, 9961, 10033, 10067, 10307, 10326, 10629, 10712, 10893, 11045, 11057, 11281, 11318, 11334, 12188, 12491, 12561, 12669, 12809, 12819, 12848, 12929, 13372, 13857, 14093, 14145, 14364, 14538, 14565, 14593, 14836, 14985, 15107, 15139, 15184, 15335, 15651, 16115, 16207, 16384]
Execution Time : 
- 32456 nanoseconds
- 0.032456 milliseconds
- 3.2455999999999996E-5 seconds
