File Name :caseB#4_9.in
Sort Algorithm Name : Oyelami_Sort
Total of data : 128
Data Before Sorted :
[67, 144, 259, 284, 416, 513, 569, 709, 833, 969, 1098, 1136, 1141, 1248, 1318, 1517, 1623, 1838, 1921, 2051, 2073, 2241, 2255, 2461, 2469, 3087, 3201, 3253, 3303, 3969, 3998, 4069, 4083, 4157, 4209, 4233, 4338, 4503, 4517, 4554, 4917, 5001, 5204, 5497, 5637, 5737, 5813, 5842, 5981, 6113, 6125, 6231, 6253, 6344, 6381, 6630, 6733, 6785, 6876, 7075, 7289, 7364, 7425, 7489, 7574, 7797, 8127, 8197, 8304, 8529, 8622, 8703, 8741, 9089, 9295, 9343, 9448, 9857, 9868, 9996, 10057, 10383, 10893, 11264, 11315, 11491, 11500, 11539, 11597, 11927, 11956, 11983, 12158, 12506, 12690, 12706, 13001, 13085, 13112, 13473, 13488, 13610, 13620, 13845, 13849, 13873, 13940, 13958, 14027, 14385, 14481, 14602, 14786, 14874, 15193, 15241, 15345, 15471, 15552, 15869, 15925, 16009, 16073, 16087, 16154, 16177, 16278, 16303]
Data after sorted :
[67, 144, 259, 284, 416, 513, 569, 709, 833, 969, 1098, 1136, 1141, 1248, 1318, 1517, 1623, 1838, 1921, 2051, 2073, 2241, 2255, 2461, 2469, 3087, 3201, 3253, 3303, 3969, 3998, 4069, 4083, 4157, 4209, 4233, 4338, 4503, 4517, 4554, 4917, 5001, 5204, 5497, 5637, 5737, 5813, 5842, 5981, 6113, 6125, 6231, 6253, 6344, 6381, 6630, 6733, 6785, 6876, 7075, 7289, 7364, 7425, 7489, 7574, 7797, 8127, 8197, 8304, 8529, 8622, 8703, 8741, 9089, 9295, 9343, 9448, 9857, 9868, 9996, 10057, 10383, 10893, 11264, 11315, 11491, 11500, 11539, 11597, 11927, 11956, 11983, 12158, 12506, 12690, 12706, 13001, 13085, 13112, 13473, 13488, 13610, 13620, 13845, 13849, 13873, 13940, 13958, 14027, 14385, 14481, 14602, 14786, 14874, 15193, 15241, 15345, 15471, 15552, 15869, 15925, 16009, 16073, 16087, 16154, 16177, 16278, 16303]
Execution Time : 
- 60900 nanoseconds
- 0.0609 milliseconds
- 6.09E-5 seconds
