File Name :caseC#3_1.in
Sort Algorithm Name : Oyelami_Sort
Total of data : 64
Data Before Sorted :
[3969, 3912, 3885, 3785, 3769, 3745, 3532, 3517, 3310, 3274, 3271, 3233, 3196, 3188, 3113, 3069, 2945, 2917, 2849, 2753, 2741, 2603, 2589, 2447, 2337, 2321, 2279, 2225, 2222, 2185, 2029, 1928, 1894, 1884, 1799, 1791, 1777, 1729, 1681, 1617, 1522, 1505, 1416, 1379, 1361, 1335, 1323, 1301, 1145, 842, 706, 659, 641, 609, 556, 413, 321, 315, 281, 65, 61, 44, 34, 33]
Data after sorted :
[33, 34, 44, 61, 65, 281, 315, 321, 413, 556, 609, 641, 659, 706, 842, 1145, 1301, 1323, 1335, 1361, 1379, 1416, 1505, 1522, 1617, 1681, 1729, 1777, 1791, 1799, 1884, 1894, 1928, 2029, 2185, 2222, 2225, 2279, 2321, 2337, 2447, 2589, 2603, 2741, 2753, 2849, 2917, 2945, 3069, 3113, 3188, 3196, 3233, 3271, 3274, 3310, 3517, 3532, 3745, 3769, 3785, 3885, 3912, 3969]
Execution Time : 
- 10576 nanoseconds
- 0.010576 milliseconds
- 1.0576E-5 seconds
