File Name :caseC#2_6.in
Sort Algorithm Name : Oyelami_Sort
Total of data : 32
Data Before Sorted :
[1009, 990, 941, 925, 885, 881, 847, 776, 765, 761, 752, 713, 655, 641, 625, 613, 593, 527, 497, 490, 485, 409, 343, 329, 298, 199, 171, 162, 154, 93, 91, 48]
Data after sorted :
[48, 91, 93, 154, 162, 171, 199, 298, 329, 343, 409, 485, 490, 497, 527, 593, 613, 625, 641, 655, 713, 752, 761, 765, 776, 847, 881, 885, 925, 941, 990, 1009]
Execution Time : 
- 4376 nanoseconds
- 0.004376 milliseconds
- 4.375999999999999E-6 seconds
