File Name :caseF#6_3.in
Sort Algorithm Name : Oyelami_Sort
Total of data : 512
Data Before Sorted :
[16, 15, 5, 20, 11, 5, 4, 12, 19, 4, 11, 3, 11, 3, 1, 1, 15, 1, 5, 15, 17, 6, 1, 11, 1, 14, 2, 1, 1, 1, 9, 7, 11, 18, 10, 12, 17, 8, 8, 9, 1, 21, 19, 19, 15, 1, 17, 1, 1, 17, 21, 20, 1, 11, 12, 13, 19, 15, 7, 1, 1, 7, 11, 1, 5, 9, 17, 13, 7, 9, 9, 1, 15, 4, 1, 13, 9, 1, 9, 7, 17, 13, 7, 3, 11, 5, 9, 1, 13, 9, 17, 12, 1, 1, 5, 1, 15, 13, 16, 13, 1, 5, 17, 11, 15, 6, 2, 18, 8, 2, 1, 21, 21, 13, 13, 3, 3, 1, 3, 7, 1, 13, 1, 17, 5, 21, 6, 15, 16, 10, 16, 6, 6, 13, 7, 15, 15, 3, 13, 3, 21, 5, 18, 7, 2, 19, 12, 9, 15, 17, 21, 21, 6, 2, 15, 1, 5, 13, 9, 12, 13, 5, 20, 13, 17, 13, 9, 16, 10, 14, 1, 16, 19, 7, 9, 21, 1, 5, 3, 1, 11, 5, 9, 6, 6, 1, 5, 1, 1, 7, 15, 5, 11, 16, 22, 3, 7, 11, 1, 1, 1, 10, 13, 5, 18, 10, 13, 21, 1, 19, 1, 13, 3, 12, 21, 1, 11, 1, 11, 20, 7, 16, 1, 5, 1, 17, 1, 20, 3, 9, 11, 9, 16, 7, 1, 7, 17, 10, 9, 17, 1, 1, 12, 14, 5, 5, 15, 20, 9, 2, 18, 10, 7, 1, 16, 21, 18, 12, 15, 17, 3, 1, 9, 17, 21, 5, 13, 1, 11, 13, 13, 19, 1, 11, 6, 19, 17, 3, 13, 1, 1, 1, 7, 1, 16, 16, 1, 21, 11, 9, 12, 1, 17, 13, 5, 5, 11, 15, 19, 7, 11, 14, 12, 6, 19, 2, 17, 12, 22, 7, 9, 5, 15, 1, 5, 5, 12, 20, 3, 3, 9, 3, 9, 3, 21, 21, 15, 4, 13, 3, 8, 21, 15, 17, 12, 4, 19, 4, 15, 1, 21, 20, 13, 7, 5, 12, 3, 17, 9, 19, 5, 6, 11, 15, 11, 9, 17, 5, 4, 21, 15, 13, 3, 1, 21, 5, 8, 22, 15, 11, 5, 9, 9, 12, 1, 3, 18, 6, 15, 21, 2, 20, 8, 7, 8, 20, 8, 11, 19, 3, 5, 10, 6, 1, 20, 12, 15, 20, 1, 2, 1, 1, 7, 5, 21, 5, 21, 18, 22, 4, 19, 8, 18, 11, 15, 11, 1, 3, 3, 1, 19, 7, 12, 13, 9, 1, 18, 15, 19, 7, 11, 9, 20, 3, 15, 3, 12, 7, 15, 3, 12, 17, 5, 15, 3, 1, 17, 13, 5, 1, 4, 3, 17, 11, 3, 16, 1, 21, 1, 13, 7, 18, 22, 12, 22, 21, 8, 1, 12, 13, 15, 17, 4, 17, 21, 12, 20, 11, 5, 1, 7, 17, 15, 11, 15, 1, 19, 11, 18, 5, 11, 9, 3, 22, 2, 15, 4, 5, 15, 22, 5, 19, 21, 3, 3, 21, 17, 12, 19, 1, 18, 21]
Data after sorted :
[1, 1, 1, 1, 1, 1, 1, 1, 1, 1, 1, 1, 1, 1, 1, 1, 1, 1, 1, 1, 1, 1, 1, 1, 1, 1, 1, 1, 1, 1, 1, 1, 1, 1, 1, 1, 1, 1, 1, 1, 1, 1, 1, 1, 1, 1, 1, 1, 1, 1, 1, 1, 1, 1, 1, 1, 1, 1, 1, 1, 1, 1, 1, 1, 1, 1, 1, 1, 1, 1, 1, 1, 1, 1, 1, 1, 1, 2, 2, 2, 2, 2, 2, 2, 2, 2, 2, 3, 3, 3, 3, 3, 3, 3, 3, 3, 3, 3, 3, 3, 3, 3, 3, 3, 3, 3, 3, 3, 3, 3, 3, 3, 3, 3, 3, 3, 3, 3, 3, 3, 3, 4, 4, 4, 4, 4, 4, 4, 4, 4, 4, 4, 5, 5, 5, 5, 5, 5, 5, 5, 5, 5, 5, 5, 5, 5, 5, 5, 5, 5, 5, 5, 5, 5, 5, 5, 5, 5, 5, 5, 5, 5, 5, 5, 5, 5, 5, 5, 5, 5, 5, 6, 6, 6, 6, 6, 6, 6, 6, 6, 6, 6, 6, 6, 7, 7, 7, 7, 7, 7, 7, 7, 7, 7, 7, 7, 7, 7, 7, 7, 7, 7, 7, 7, 7, 7, 7, 7, 7, 7, 7, 8, 8, 8, 8, 8, 8, 8, 8, 8, 8, 9, 9, 9, 9, 9, 9, 9, 9, 9, 9, 9, 9, 9, 9, 9, 9, 9, 9, 9, 9, 9, 9, 9, 9, 9, 9, 9, 9, 9, 9, 10, 10, 10, 10, 10, 10, 10, 10, 11, 11, 11, 11, 11, 11, 11, 11, 11, 11, 11, 11, 11, 11, 11, 11, 11, 11, 11, 11, 11, 11, 11, 11, 11, 11, 11, 11, 11, 11, 11, 11, 12, 12, 12, 12, 12, 12, 12, 12, 12, 12, 12, 12, 12, 12, 12, 12, 12, 12, 12, 12, 12, 12, 12, 12, 13, 13, 13, 13, 13, 13, 13, 13, 13, 13, 13, 13, 13, 13, 13, 13, 13, 13, 13, 13, 13, 13, 13, 13, 13, 13, 13, 13, 13, 13, 13, 14, 14, 14, 14, 15, 15, 15, 15, 15, 15, 15, 15, 15, 15, 15, 15, 15, 15, 15, 15, 15, 15, 15, 15, 15, 15, 15, 15, 15, 15, 15, 15, 15, 15, 15, 15, 15, 15, 15, 15, 16, 16, 16, 16, 16, 16, 16, 16, 16, 16, 16, 16, 16, 17, 17, 17, 17, 17, 17, 17, 17, 17, 17, 17, 17, 17, 17, 17, 17, 17, 17, 17, 17, 17, 17, 17, 17, 17, 17, 17, 17, 17, 18, 18, 18, 18, 18, 18, 18, 18, 18, 18, 18, 18, 18, 19, 19, 19, 19, 19, 19, 19, 19, 19, 19, 19, 19, 19, 19, 19, 19, 19, 19, 19, 19, 20, 20, 20, 20, 20, 20, 20, 20, 20, 20, 20, 20, 20, 20, 21, 21, 21, 21, 21, 21, 21, 21, 21, 21, 21, 21, 21, 21, 21, 21, 21, 21, 21, 21, 21, 21, 21, 21, 21, 21, 21, 21, 21, 22, 22, 22, 22, 22, 22, 22, 22]
Execution Time : 
- 808478 nanoseconds
- 0.808478 milliseconds
- 8.084780000000001E-4 seconds
