File Name :caseB#5_6.in
Sort Algorithm Name : Oyelami_Sort
Total of data : 256
Data Before Sorted :
[1460, 1825, 2571, 2637, 3073, 3347, 3569, 4021, 4115, 4353, 4569, 4599, 4659, 5011, 5064, 5373, 5418, 5493, 5677, 5869, 5897, 5907, 6125, 6425, 6856, 6921, 7217, 7225, 7236, 7425, 7509, 7777, 7877, 8088, 8397, 8545, 8644, 8679, 8793, 8957, 8975, 9149, 9165, 10107, 10205, 10241, 10858, 11033, 11165, 11453, 11488, 11639, 11842, 11846, 12575, 12867, 13201, 13575, 13657, 13985, 15832, 16237, 16539, 16751, 17569, 17641, 17677, 18035, 18205, 18353, 18363, 18441, 18530, 18617, 19321, 19545, 19792, 19889, 21035, 21553, 21713, 21893, 21941, 22161, 22196, 22217, 22555, 22817, 22825, 23264, 23391, 23679, 23754, 24359, 24367, 24600, 24807, 24904, 25023, 25184, 25209, 25227, 25231, 25637, 25886, 26105, 26282, 26512, 26557, 26699, 26767, 28151, 28427, 28513, 28905, 29123, 29201, 29353, 29516, 29927, 29959, 30185, 30281, 30465, 30729, 31095, 31249, 31459, 31981, 32293, 33077, 33193, 33425, 33515, 33585, 33665, 33977, 33983, 34273, 34422, 34638, 34644, 34649, 34703, 34772, 34864, 35204, 35672, 35793, 35801, 35857, 36192, 36354, 37163, 37500, 37777, 37803, 37929, 38219, 38225, 38383, 39025, 39257, 39373, 40745, 40929, 41309, 41362, 41589, 41631, 42184, 42326, 42345, 42385, 42477, 42786, 42883, 43162, 43223, 43482, 44558, 44581, 44619, 44853, 44877, 45461, 45757, 45825, 46463, 46512, 46643, 46849, 46907, 46930, 46960, 47587, 47665, 47879, 48336, 48501, 48646, 48675, 48707, 48888, 48994, 49344, 49401, 49425, 49887, 50129, 50217, 50467, 50557, 51205, 51387, 51829, 52301, 52445, 52533, 52862, 53167, 53292, 53469, 53533, 54637, 54750, 55653, 55838, 56023, 56497, 56673, 57064, 57097, 57345, 57707, 57981, 58160, 59051, 59380, 59615, 60145, 60345, 60800, 60801, 60997, 61301, 62081, 62831, 63028, 63417, 63837, 64027, 64551, 64935, 65357, 65374]
Data after sorted :
[1460, 1825, 2571, 2637, 3073, 3347, 3569, 4021, 4115, 4353, 4569, 4599, 4659, 5011, 5064, 5373, 5418, 5493, 5677, 5869, 5897, 5907, 6125, 6425, 6856, 6921, 7217, 7225, 7236, 7425, 7509, 7777, 7877, 8088, 8397, 8545, 8644, 8679, 8793, 8957, 8975, 9149, 9165, 10107, 10205, 10241, 10858, 11033, 11165, 11453, 11488, 11639, 11842, 11846, 12575, 12867, 13201, 13575, 13657, 13985, 15832, 16237, 16539, 16751, 17569, 17641, 17677, 18035, 18205, 18353, 18363, 18441, 18530, 18617, 19321, 19545, 19792, 19889, 21035, 21553, 21713, 21893, 21941, 22161, 22196, 22217, 22555, 22817, 22825, 23264, 23391, 23679, 23754, 24359, 24367, 24600, 24807, 24904, 25023, 25184, 25209, 25227, 25231, 25637, 25886, 26105, 26282, 26512, 26557, 26699, 26767, 28151, 28427, 28513, 28905, 29123, 29201, 29353, 29516, 29927, 29959, 30185, 30281, 30465, 30729, 31095, 31249, 31459, 31981, 32293, 33077, 33193, 33425, 33515, 33585, 33665, 33977, 33983, 34273, 34422, 34638, 34644, 34649, 34703, 34772, 34864, 35204, 35672, 35793, 35801, 35857, 36192, 36354, 37163, 37500, 37777, 37803, 37929, 38219, 38225, 38383, 39025, 39257, 39373, 40745, 40929, 41309, 41362, 41589, 41631, 42184, 42326, 42345, 42385, 42477, 42786, 42883, 43162, 43223, 43482, 44558, 44581, 44619, 44853, 44877, 45461, 45757, 45825, 46463, 46512, 46643, 46849, 46907, 46930, 46960, 47587, 47665, 47879, 48336, 48501, 48646, 48675, 48707, 48888, 48994, 49344, 49401, 49425, 49887, 50129, 50217, 50467, 50557, 51205, 51387, 51829, 52301, 52445, 52533, 52862, 53167, 53292, 53469, 53533, 54637, 54750, 55653, 55838, 56023, 56497, 56673, 57064, 57097, 57345, 57707, 57981, 58160, 59051, 59380, 59615, 60145, 60345, 60800, 60801, 60997, 61301, 62081, 62831, 63028, 63417, 63837, 64027, 64551, 64935, 65357, 65374]
Execution Time : 
- 207498 nanoseconds
- 0.207498 milliseconds
- 2.07498E-4 seconds
