File Name :caseE#4_3.in
Sort Algorithm Name : Oyelami_Sort
Total of data : 128
Data Before Sorted :
[65, 153, 229, 429, 441, 841, 1061, 1113, 1281, 1538, 1665, 1783, 1921, 2113, 2395, 2460, 2552, 2642, 2969, 3059, 3277, 3329, 3347, 3428, 3668, 3761, 3795, 3885, 3985, 4005, 4029, 4042, 4156, 4280, 4309, 4458, 4623, 4641, 4806, 5101, 5253, 5545, 5581, 5657, 5705, 5761, 5993, 6079, 6116, 6423, 6725, 6816, 6921, 7063, 7169, 7389, 7569, 7576, 7715, 7875, 8097, 8169, 8193, 8383, 8428, 8587, 8737, 9194, 9224, 9281, 9506, 9530, 9605, 9770, 9793, 10043, 10420, 10573, 10654, 10657, 10785, 11048, 11085, 11191, 11227, 11235, 11385, 11429, 11543, 11661, 11769, 11945, 12256, 12265, 12481, 12633, 12781, 13547, 13614, 13825, 13835, 13867, 14015, 14032, 14156, 14337, 14514, 14593, 14781, 15153, 15389, 15474, 15590, 15693, 16175, 7465, 12121, 8053, 10174, 10753, 5093, 1791, 1367, 6304, 10005, 1491, 10777, 1305]
Data after sorted :
[65, 153, 229, 429, 441, 841, 1061, 1113, 1281, 1305, 1367, 1491, 1538, 1665, 1783, 1791, 1921, 2113, 2395, 2460, 2552, 2642, 2969, 3059, 3277, 3329, 3347, 3428, 3668, 3761, 3795, 3885, 3985, 4005, 4029, 4042, 4156, 4280, 4309, 4458, 4623, 4641, 4806, 5093, 5101, 5253, 5545, 5581, 5657, 5705, 5761, 5993, 6079, 6116, 6304, 6423, 6725, 6816, 6921, 7063, 7169, 7389, 7465, 7569, 7576, 7715, 7875, 8053, 8097, 8169, 8193, 8383, 8428, 8587, 8737, 9194, 9224, 9281, 9506, 9530, 9605, 9770, 9793, 10005, 10043, 10174, 10420, 10573, 10654, 10657, 10753, 10777, 10785, 11048, 11085, 11191, 11227, 11235, 11385, 11429, 11543, 11661, 11769, 11945, 12121, 12256, 12265, 12481, 12633, 12781, 13547, 13614, 13825, 13835, 13867, 14015, 14032, 14156, 14337, 14514, 14593, 14781, 15153, 15389, 15474, 15590, 15693, 16175]
Execution Time : 
- 63453 nanoseconds
- 0.063453 milliseconds
- 6.345299999999999E-5 seconds
