File Name :caseC#4_7.in
Sort Algorithm Name : Oyelami_Sort
Total of data : 128
Data Before Sorted :
[16193, 15960, 15731, 15729, 15613, 15146, 15129, 14993, 14967, 14859, 14776, 14491, 14297, 14270, 14173, 14142, 13951, 13859, 13553, 13377, 12995, 12957, 12798, 12721, 12663, 12533, 12484, 12291, 12111, 11631, 11545, 11383, 11381, 11165, 11101, 11043, 11017, 10937, 10832, 10807, 10520, 10283, 10258, 10233, 10217, 10209, 10206, 10106, 9839, 9829, 9633, 9523, 9513, 9399, 9247, 9097, 9065, 8985, 8945, 8733, 8531, 8467, 7952, 7793, 6913, 6887, 6788, 6763, 6642, 6535, 6275, 6203, 6077, 6049, 5776, 5060, 4817, 4807, 4557, 4477, 4457, 4422, 4269, 4241, 4101, 4097, 4093, 4027, 3995, 3873, 3793, 3565, 3261, 3189, 3169, 3121, 3101, 3064, 3035, 2923, 2845, 2825, 2635, 2589, 2563, 2513, 2456, 2333, 2241, 2192, 2109, 1709, 1585, 1568, 1333, 1203, 1054, 957, 935, 805, 742, 591, 391, 193, 153, 131, 103, 89]
Data after sorted :
[89, 103, 131, 153, 193, 391, 591, 742, 805, 935, 957, 1054, 1203, 1333, 1568, 1585, 1709, 2109, 2192, 2241, 2333, 2456, 2513, 2563, 2589, 2635, 2825, 2845, 2923, 3035, 3064, 3101, 3121, 3169, 3189, 3261, 3565, 3793, 3873, 3995, 4027, 4093, 4097, 4101, 4241, 4269, 4422, 4457, 4477, 4557, 4807, 4817, 5060, 5776, 6049, 6077, 6203, 6275, 6535, 6642, 6763, 6788, 6887, 6913, 7793, 7952, 8467, 8531, 8733, 8945, 8985, 9065, 9097, 9247, 9399, 9513, 9523, 9633, 9829, 9839, 10106, 10206, 10209, 10217, 10233, 10258, 10283, 10520, 10807, 10832, 10937, 11017, 11043, 11101, 11165, 11381, 11383, 11545, 11631, 12111, 12291, 12484, 12533, 12663, 12721, 12798, 12957, 12995, 13377, 13553, 13859, 13951, 14142, 14173, 14270, 14297, 14491, 14776, 14859, 14967, 14993, 15129, 15146, 15613, 15729, 15731, 15960, 16193]
Execution Time : 
- 37196 nanoseconds
- 0.037196 milliseconds
- 3.7196E-5 seconds
