File Name :caseF#6_8.in
Sort Algorithm Name : Oyelami_Sort
Total of data : 512
Data Before Sorted :
[21, 11, 12, 11, 12, 17, 11, 12, 5, 1, 1, 1, 19, 12, 5, 3, 8, 19, 11, 19, 1, 3, 21, 13, 11, 19, 18, 13, 1, 14, 1, 14, 3, 15, 9, 11, 17, 1, 19, 8, 11, 11, 5, 6, 16, 20, 21, 20, 1, 17, 11, 1, 3, 12, 16, 3, 13, 11, 7, 19, 1, 2, 22, 4, 5, 16, 19, 1, 9, 6, 13, 1, 21, 6, 16, 11, 13, 12, 13, 22, 21, 20, 17, 5, 18, 19, 9, 4, 7, 15, 5, 12, 1, 9, 15, 15, 1, 7, 1, 17, 19, 21, 21, 12, 4, 17, 5, 2, 1, 9, 5, 19, 13, 1, 5, 9, 17, 5, 9, 9, 12, 1, 6, 17, 15, 5, 1, 17, 17, 9, 3, 15, 17, 11, 13, 11, 20, 1, 20, 3, 1, 1, 13, 2, 17, 7, 9, 1, 1, 18, 2, 17, 13, 17, 9, 9, 3, 7, 15, 11, 3, 21, 3, 8, 9, 11, 7, 17, 12, 11, 11, 5, 19, 5, 9, 2, 21, 4, 2, 9, 5, 5, 4, 11, 5, 5, 1, 1, 3, 2, 1, 11, 16, 19, 13, 7, 17, 1, 3, 13, 16, 21, 5, 19, 1, 15, 3, 5, 13, 5, 15, 8, 9, 19, 3, 3, 21, 3, 16, 1, 9, 1, 14, 9, 1, 13, 3, 5, 2, 5, 11, 1, 12, 11, 3, 6, 12, 12, 9, 19, 20, 5, 14, 3, 5, 3, 1, 9, 13, 13, 9, 11, 7, 21, 19, 6, 1, 17, 12, 14, 21, 2, 6, 9, 5, 7, 7, 13, 15, 1, 13, 21, 12, 12, 16, 16, 17, 3, 21, 9, 17, 19, 3, 19, 13, 17, 13, 5, 7, 15, 1, 5, 1, 1, 15, 6, 6, 5, 7, 1, 22, 17, 13, 6, 15, 1, 19, 5, 16, 13, 5, 1, 15, 3, 13, 18, 13, 20, 1, 13, 12, 3, 10, 9, 3, 19, 1, 9, 9, 19, 22, 1, 11, 1, 15, 12, 9, 14, 2, 5, 19, 1, 6, 2, 21, 11, 11, 3, 7, 15, 3, 1, 16, 5, 15, 3, 5, 11, 9, 21, 8, 13, 21, 13, 15, 20, 8, 15, 5, 15, 13, 3, 8, 4, 17, 19, 5, 9, 1, 9, 8, 5, 4, 18, 11, 1, 18, 11, 19, 16, 18, 10, 15, 1, 18, 11, 13, 11, 17, 16, 5, 6, 13, 1, 14, 13, 7, 6, 9, 16, 19, 21, 3, 15, 11, 17, 9, 6, 17, 1, 11, 11, 15, 21, 18, 21, 11, 19, 13, 9, 12, 16, 19, 13, 7, 8, 21, 21, 16, 2, 19, 4, 7, 5, 19, 1, 15, 19, 9, 3, 4, 19, 11, 13, 1, 3, 11, 13, 5, 14, 1, 10, 3, 11, 9, 17, 17, 15, 1, 5, 1, 12, 12, 20, 13, 7, 14, 1, 5, 6, 19, 6, 15, 12, 13, 16, 10, 3, 9, 7, 13, 7, 22, 5, 1, 13, 13, 17, 1, 9, 9, 15, 9, 5, 7, 5, 5, 12, 1, 3, 17, 17]
Data after sorted :
[1, 1, 1, 1, 1, 1, 1, 1, 1, 1, 1, 1, 1, 1, 1, 1, 1, 1, 1, 1, 1, 1, 1, 1, 1, 1, 1, 1, 1, 1, 1, 1, 1, 1, 1, 1, 1, 1, 1, 1, 1, 1, 1, 1, 1, 1, 1, 1, 1, 1, 1, 1, 1, 1, 1, 1, 1, 1, 1, 1, 1, 1, 2, 2, 2, 2, 2, 2, 2, 2, 2, 2, 2, 2, 3, 3, 3, 3, 3, 3, 3, 3, 3, 3, 3, 3, 3, 3, 3, 3, 3, 3, 3, 3, 3, 3, 3, 3, 3, 3, 3, 3, 3, 3, 3, 3, 3, 3, 3, 4, 4, 4, 4, 4, 4, 4, 4, 4, 5, 5, 5, 5, 5, 5, 5, 5, 5, 5, 5, 5, 5, 5, 5, 5, 5, 5, 5, 5, 5, 5, 5, 5, 5, 5, 5, 5, 5, 5, 5, 5, 5, 5, 5, 5, 5, 5, 5, 5, 5, 5, 5, 5, 5, 6, 6, 6, 6, 6, 6, 6, 6, 6, 6, 6, 6, 6, 6, 6, 6, 7, 7, 7, 7, 7, 7, 7, 7, 7, 7, 7, 7, 7, 7, 7, 7, 7, 7, 7, 7, 8, 8, 8, 8, 8, 8, 8, 8, 8, 9, 9, 9, 9, 9, 9, 9, 9, 9, 9, 9, 9, 9, 9, 9, 9, 9, 9, 9, 9, 9, 9, 9, 9, 9, 9, 9, 9, 9, 9, 9, 9, 9, 9, 9, 9, 9, 9, 9, 10, 10, 10, 10, 11, 11, 11, 11, 11, 11, 11, 11, 11, 11, 11, 11, 11, 11, 11, 11, 11, 11, 11, 11, 11, 11, 11, 11, 11, 11, 11, 11, 11, 11, 11, 11, 11, 11, 11, 11, 11, 12, 12, 12, 12, 12, 12, 12, 12, 12, 12, 12, 12, 12, 12, 12, 12, 12, 12, 12, 12, 12, 12, 12, 13, 13, 13, 13, 13, 13, 13, 13, 13, 13, 13, 13, 13, 13, 13, 13, 13, 13, 13, 13, 13, 13, 13, 13, 13, 13, 13, 13, 13, 13, 13, 13, 13, 13, 13, 13, 13, 13, 13, 13, 14, 14, 14, 14, 14, 14, 14, 14, 14, 15, 15, 15, 15, 15, 15, 15, 15, 15, 15, 15, 15, 15, 15, 15, 15, 15, 15, 15, 15, 15, 15, 15, 15, 15, 15, 15, 16, 16, 16, 16, 16, 16, 16, 16, 16, 16, 16, 16, 16, 16, 16, 16, 16, 17, 17, 17, 17, 17, 17, 17, 17, 17, 17, 17, 17, 17, 17, 17, 17, 17, 17, 17, 17, 17, 17, 17, 17, 17, 17, 17, 17, 17, 17, 18, 18, 18, 18, 18, 18, 18, 18, 18, 19, 19, 19, 19, 19, 19, 19, 19, 19, 19, 19, 19, 19, 19, 19, 19, 19, 19, 19, 19, 19, 19, 19, 19, 19, 19, 19, 19, 19, 19, 19, 19, 20, 20, 20, 20, 20, 20, 20, 20, 20, 21, 21, 21, 21, 21, 21, 21, 21, 21, 21, 21, 21, 21, 21, 21, 21, 21, 21, 21, 21, 21, 21, 21, 22, 22, 22, 22, 22]
Execution Time : 
- 782951 nanoseconds
- 0.782951 milliseconds
- 7.829509999999999E-4 seconds
