File Name :caseA#3_8.in
Sort Algorithm Name : Oyelami_Sort
Total of data : 64
Data Before Sorted :
[1627, 3069, 1989, 2553, 2673, 2493, 925, 3985, 866, 1287, 2177, 1439, 1891, 1857, 1249, 2324, 3902, 165, 619, 547, 3473, 1066, 3997, 2873, 3281, 4029, 785, 3025, 1933, 1075, 2471, 2116, 2017, 1309, 3357, 3408, 387, 463, 3793, 2689, 351, 433, 3157, 3441, 3606, 3408, 2883, 793, 3285, 1081, 881, 3618, 265, 3485, 3526, 2317, 993, 3725, 2881, 587, 3026, 345, 1091, 2409]
Data after sorted :
[165, 265, 345, 351, 387, 433, 463, 547, 587, 619, 785, 793, 866, 881, 925, 993, 1066, 1075, 1081, 1091, 1249, 1287, 1309, 1439, 1627, 1857, 1891, 1933, 1989, 2017, 2116, 2177, 2317, 2324, 2409, 2471, 2493, 2553, 2673, 2689, 2873, 2881, 2883, 3025, 3026, 3069, 3157, 3281, 3285, 3357, 3408, 3408, 3441, 3473, 3485, 3526, 3606, 3618, 3725, 3793, 3902, 3985, 3997, 4029]
Execution Time : 
- 16410 nanoseconds
- 0.01641 milliseconds
- 1.641E-5 seconds
