File Name :caseC#4_8.in
Sort Algorithm Name : Oyelami_Sort
Total of data : 128
Data Before Sorted :
[16274, 16265, 16063, 16046, 16035, 16029, 15793, 15715, 15303, 15249, 15155, 15101, 15033, 14607, 14514, 14477, 14469, 14415, 14369, 14338, 14285, 14168, 13919, 13788, 13749, 13739, 13660, 13529, 13442, 13358, 13156, 13116, 12853, 12749, 12517, 12465, 12289, 12039, 11948, 11859, 11827, 11701, 11653, 11625, 11388, 11145, 10909, 10896, 10763, 10653, 10481, 10269, 10227, 10097, 9869, 9574, 9441, 9211, 9071, 9020, 8980, 8965, 8851, 8767, 8707, 8661, 8389, 8302, 8193, 8186, 8157, 8065, 8031, 7894, 7698, 7497, 7469, 7346, 7292, 7092, 6693, 6681, 6569, 6419, 6283, 6281, 6137, 6125, 5813, 5581, 5363, 5217, 4924, 4865, 4819, 4721, 4627, 4501, 4355, 4131, 4081, 3741, 3552, 2991, 2879, 2784, 2559, 2525, 2285, 2209, 2123, 2089, 2039, 2003, 1985, 1915, 1902, 1841, 1789, 1557, 1501, 1377, 1333, 918, 497, 346, 319, 26]
Data after sorted :
[26, 319, 346, 497, 918, 1333, 1377, 1501, 1557, 1789, 1841, 1902, 1915, 1985, 2003, 2039, 2089, 2123, 2209, 2285, 2525, 2559, 2784, 2879, 2991, 3552, 3741, 4081, 4131, 4355, 4501, 4627, 4721, 4819, 4865, 4924, 5217, 5363, 5581, 5813, 6125, 6137, 6281, 6283, 6419, 6569, 6681, 6693, 7092, 7292, 7346, 7469, 7497, 7698, 7894, 8031, 8065, 8157, 8186, 8193, 8302, 8389, 8661, 8707, 8767, 8851, 8965, 8980, 9020, 9071, 9211, 9441, 9574, 9869, 10097, 10227, 10269, 10481, 10653, 10763, 10896, 10909, 11145, 11388, 11625, 11653, 11701, 11827, 11859, 11948, 12039, 12289, 12465, 12517, 12749, 12853, 13116, 13156, 13358, 13442, 13529, 13660, 13739, 13749, 13788, 13919, 14168, 14285, 14338, 14369, 14415, 14469, 14477, 14514, 14607, 15033, 15101, 15155, 15249, 15303, 15715, 15793, 16029, 16035, 16046, 16063, 16265, 16274]
Execution Time : 
- 37926 nanoseconds
- 0.037926 milliseconds
- 3.7926E-5 seconds
