File Name :caseE#4_7.in
Sort Algorithm Name : Oyelami_Sort
Total of data : 128
Data Before Sorted :
[212, 372, 469, 585, 738, 871, 887, 1512, 1801, 1843, 1873, 1942, 2176, 2341, 2370, 2616, 2641, 2889, 2928, 3074, 3120, 3454, 3617, 3629, 3712, 3764, 4451, 4489, 4705, 4865, 4883, 5025, 5085, 5301, 5464, 5533, 5536, 5659, 5744, 5789, 5920, 5969, 6127, 6231, 6247, 6297, 6637, 6673, 6700, 7165, 7220, 7949, 8047, 8072, 8105, 8114, 8135, 8193, 8281, 8329, 8352, 8387, 8409, 8463, 8507, 8529, 8927, 9337, 9677, 9887, 10323, 10507, 10681, 10697, 10776, 10949, 11140, 11408, 11457, 11713, 11814, 11849, 11901, 11944, 12024, 12125, 12165, 12417, 12445, 12535, 12623, 12635, 13257, 13278, 13337, 13389, 13437, 13509, 13834, 14139, 14513, 14521, 14549, 14707, 14753, 14897, 14931, 14945, 15103, 15165, 15337, 15341, 15457, 15489, 15761, 12841, 1053, 1092, 4113, 16165, 15547, 10873, 7313, 9632, 3693, 10425, 14033, 10597]
Data after sorted :
[212, 372, 469, 585, 738, 871, 887, 1053, 1092, 1512, 1801, 1843, 1873, 1942, 2176, 2341, 2370, 2616, 2641, 2889, 2928, 3074, 3120, 3454, 3617, 3629, 3693, 3712, 3764, 4113, 4451, 4489, 4705, 4865, 4883, 5025, 5085, 5301, 5464, 5533, 5536, 5659, 5744, 5789, 5920, 5969, 6127, 6231, 6247, 6297, 6637, 6673, 6700, 7165, 7220, 7313, 7949, 8047, 8072, 8105, 8114, 8135, 8193, 8281, 8329, 8352, 8387, 8409, 8463, 8507, 8529, 8927, 9337, 9632, 9677, 9887, 10323, 10425, 10507, 10597, 10681, 10697, 10776, 10873, 10949, 11140, 11408, 11457, 11713, 11814, 11849, 11901, 11944, 12024, 12125, 12165, 12417, 12445, 12535, 12623, 12635, 12841, 13257, 13278, 13337, 13389, 13437, 13509, 13834, 14033, 14139, 14513, 14521, 14549, 14707, 14753, 14897, 14931, 14945, 15103, 15165, 15337, 15341, 15457, 15489, 15547, 15761, 16165]
Execution Time : 
- 56159 nanoseconds
- 0.056159 milliseconds
- 5.6159E-5 seconds
