File Name :caseB#3_8.in
Sort Algorithm Name : Oyelami_Sort
Total of data : 64
Data Before Sorted :
[33, 121, 169, 212, 257, 314, 520, 570, 577, 589, 609, 653, 662, 777, 830, 997, 1177, 1265, 1341, 1359, 1370, 1377, 1523, 1527, 1608, 1780, 1907, 2119, 2131, 2171, 2247, 2275, 2342, 2389, 2489, 2545, 2648, 2665, 2700, 2784, 2801, 2852, 2881, 2965, 2966, 2972, 3096, 3121, 3133, 3165, 3175, 3208, 3219, 3244, 3285, 3310, 3353, 3603, 3758, 3960, 3969, 3972, 3973, 3993]
Data after sorted :
[33, 121, 169, 212, 257, 314, 520, 570, 577, 589, 609, 653, 662, 777, 830, 997, 1177, 1265, 1341, 1359, 1370, 1377, 1523, 1527, 1608, 1780, 1907, 2119, 2131, 2171, 2247, 2275, 2342, 2389, 2489, 2545, 2648, 2665, 2700, 2784, 2801, 2852, 2881, 2965, 2966, 2972, 3096, 3121, 3133, 3165, 3175, 3208, 3219, 3244, 3285, 3310, 3353, 3603, 3758, 3960, 3969, 3972, 3973, 3993]
Execution Time : 
- 17869 nanoseconds
- 0.017869 milliseconds
- 1.7868999999999998E-5 seconds
