File Name :caseD#3_9.in
Sort Algorithm Name : Oyelami_Sort
Total of data : 64
Data Before Sorted :
[14, 37, 59, 89, 323, 361, 365, 429, 449, 475, 613, 673, 785, 835, 893, 1013, 1049, 1101, 1111, 1244, 1253, 1361, 1468, 1486, 1487, 1523, 1697, 1761, 1859, 1883, 1891, 1907, 1985, 2051, 2098, 2108, 2153, 2269, 2291, 2297, 2427, 2509, 2592, 2657, 2965, 2973, 3183, 3197, 3278, 3324, 3389, 3597, 3689, 3695, 3745, 3849, 3983, 4001, 4018, 4028, 4037, 3083, 3633, 2550]
Data after sorted :
[14, 37, 59, 89, 323, 361, 365, 429, 449, 475, 613, 673, 785, 835, 893, 1013, 1049, 1101, 1111, 1244, 1253, 1361, 1468, 1486, 1487, 1523, 1697, 1761, 1859, 1883, 1891, 1907, 1985, 2051, 2098, 2108, 2153, 2269, 2291, 2297, 2427, 2509, 2550, 2592, 2657, 2965, 2973, 3083, 3183, 3197, 3278, 3324, 3389, 3597, 3633, 3689, 3695, 3745, 3849, 3983, 4001, 4018, 4028, 4037]
Execution Time : 
- 13857 nanoseconds
- 0.013857 milliseconds
- 1.3857E-5 seconds
