File Name :caseF#6_2.in
Sort Algorithm Name : Oyelami_Sort
Total of data : 512
Data Before Sorted :
[5, 3, 5, 10, 18, 18, 17, 3, 9, 4, 21, 7, 19, 22, 16, 1, 19, 8, 7, 14, 5, 16, 17, 21, 9, 14, 11, 10, 15, 17, 13, 3, 4, 20, 20, 8, 1, 9, 11, 2, 13, 11, 22, 7, 7, 1, 17, 9, 17, 17, 17, 7, 1, 22, 1, 21, 21, 12, 10, 2, 17, 21, 3, 15, 21, 21, 14, 11, 21, 1, 21, 15, 17, 1, 9, 3, 13, 17, 17, 7, 5, 19, 20, 20, 19, 15, 3, 1, 11, 8, 5, 4, 9, 12, 8, 8, 21, 17, 21, 13, 1, 1, 3, 13, 13, 1, 5, 19, 5, 4, 1, 19, 9, 7, 19, 21, 8, 1, 14, 7, 17, 19, 1, 9, 3, 2, 7, 13, 9, 12, 13, 1, 1, 19, 9, 3, 4, 9, 5, 4, 5, 19, 5, 2, 8, 1, 15, 5, 5, 12, 17, 13, 2, 9, 13, 3, 17, 4, 15, 1, 1, 19, 15, 15, 13, 15, 19, 21, 9, 9, 13, 3, 7, 1, 20, 6, 3, 1, 10, 21, 17, 15, 8, 4, 13, 3, 5, 5, 19, 1, 19, 20, 15, 3, 1, 15, 17, 9, 19, 21, 10, 5, 7, 21, 11, 21, 8, 1, 21, 1, 21, 16, 11, 3, 1, 17, 7, 21, 21, 9, 6, 3, 11, 1, 18, 7, 9, 18, 1, 1, 12, 22, 3, 1, 16, 15, 1, 5, 5, 12, 3, 11, 13, 9, 19, 12, 1, 7, 1, 7, 12, 11, 1, 1, 1, 11, 12, 21, 9, 5, 17, 15, 16, 21, 19, 1, 1, 11, 9, 21, 9, 19, 13, 7, 7, 19, 21, 6, 21, 9, 5, 14, 17, 1, 1, 15, 9, 13, 22, 1, 18, 5, 17, 21, 5, 2, 17, 5, 5, 1, 1, 15, 7, 12, 5, 11, 15, 1, 5, 17, 10, 20, 1, 7, 22, 17, 12, 15, 9, 11, 5, 1, 1, 4, 17, 9, 1, 1, 17, 13, 11, 12, 3, 13, 13, 5, 19, 19, 19, 12, 9, 15, 7, 9, 21, 11, 21, 13, 21, 4, 11, 5, 17, 12, 5, 17, 15, 1, 3, 12, 1, 16, 9, 15, 17, 20, 7, 7, 17, 6, 3, 11, 5, 7, 15, 3, 4, 21, 7, 21, 8, 17, 7, 12, 13, 21, 9, 3, 1, 14, 3, 15, 9, 17, 14, 12, 15, 17, 17, 15, 12, 16, 1, 17, 11, 18, 1, 15, 15, 6, 7, 22, 1, 19, 12, 9, 21, 21, 5, 19, 5, 1, 6, 11, 9, 16, 1, 17, 3, 3, 5, 11, 17, 17, 11, 5, 9, 13, 19, 12, 3, 3, 1, 9, 2, 3, 7, 6, 15, 20, 7, 13, 8, 14, 3, 20, 3, 19, 20, 11, 6, 15, 13, 14, 4, 13, 19, 17, 21, 5, 1, 21, 11, 8, 9, 21, 19, 14, 13, 10, 10, 12, 1, 7, 6, 6, 1, 9, 5, 1, 19, 7, 5, 13, 6, 17, 21, 10, 21, 19, 1, 1, 6, 9, 1, 1, 2, 2, 11, 1, 1, 15]
Data after sorted :
[1, 1, 1, 1, 1, 1, 1, 1, 1, 1, 1, 1, 1, 1, 1, 1, 1, 1, 1, 1, 1, 1, 1, 1, 1, 1, 1, 1, 1, 1, 1, 1, 1, 1, 1, 1, 1, 1, 1, 1, 1, 1, 1, 1, 1, 1, 1, 1, 1, 1, 1, 1, 1, 1, 1, 1, 1, 1, 1, 1, 1, 1, 1, 1, 1, 1, 1, 1, 2, 2, 2, 2, 2, 2, 2, 2, 2, 3, 3, 3, 3, 3, 3, 3, 3, 3, 3, 3, 3, 3, 3, 3, 3, 3, 3, 3, 3, 3, 3, 3, 3, 3, 3, 3, 3, 3, 3, 3, 4, 4, 4, 4, 4, 4, 4, 4, 4, 4, 4, 4, 5, 5, 5, 5, 5, 5, 5, 5, 5, 5, 5, 5, 5, 5, 5, 5, 5, 5, 5, 5, 5, 5, 5, 5, 5, 5, 5, 5, 5, 5, 5, 5, 5, 5, 5, 5, 5, 6, 6, 6, 6, 6, 6, 6, 6, 6, 6, 6, 6, 7, 7, 7, 7, 7, 7, 7, 7, 7, 7, 7, 7, 7, 7, 7, 7, 7, 7, 7, 7, 7, 7, 7, 7, 7, 7, 7, 7, 7, 7, 8, 8, 8, 8, 8, 8, 8, 8, 8, 8, 8, 8, 9, 9, 9, 9, 9, 9, 9, 9, 9, 9, 9, 9, 9, 9, 9, 9, 9, 9, 9, 9, 9, 9, 9, 9, 9, 9, 9, 9, 9, 9, 9, 9, 9, 9, 9, 9, 9, 10, 10, 10, 10, 10, 10, 10, 10, 10, 11, 11, 11, 11, 11, 11, 11, 11, 11, 11, 11, 11, 11, 11, 11, 11, 11, 11, 11, 11, 11, 11, 11, 11, 11, 12, 12, 12, 12, 12, 12, 12, 12, 12, 12, 12, 12, 12, 12, 12, 12, 12, 12, 12, 12, 12, 13, 13, 13, 13, 13, 13, 13, 13, 13, 13, 13, 13, 13, 13, 13, 13, 13, 13, 13, 13, 13, 13, 13, 13, 13, 13, 13, 14, 14, 14, 14, 14, 14, 14, 14, 14, 14, 15, 15, 15, 15, 15, 15, 15, 15, 15, 15, 15, 15, 15, 15, 15, 15, 15, 15, 15, 15, 15, 15, 15, 15, 15, 15, 15, 15, 15, 15, 16, 16, 16, 16, 16, 16, 16, 16, 17, 17, 17, 17, 17, 17, 17, 17, 17, 17, 17, 17, 17, 17, 17, 17, 17, 17, 17, 17, 17, 17, 17, 17, 17, 17, 17, 17, 17, 17, 17, 17, 17, 17, 17, 17, 17, 17, 17, 17, 18, 18, 18, 18, 18, 18, 19, 19, 19, 19, 19, 19, 19, 19, 19, 19, 19, 19, 19, 19, 19, 19, 19, 19, 19, 19, 19, 19, 19, 19, 19, 19, 19, 19, 19, 19, 20, 20, 20, 20, 20, 20, 20, 20, 20, 20, 20, 21, 21, 21, 21, 21, 21, 21, 21, 21, 21, 21, 21, 21, 21, 21, 21, 21, 21, 21, 21, 21, 21, 21, 21, 21, 21, 21, 21, 21, 21, 21, 21, 21, 21, 21, 21, 21, 21, 21, 21, 22, 22, 22, 22, 22, 22, 22]
Execution Time : 
- 797903 nanoseconds
- 0.797903 milliseconds
- 7.97903E-4 seconds
