File Name :caseD#3_4.in
Sort Algorithm Name : Oyelami_Sort
Total of data : 64
Data Before Sorted :
[19, 77, 177, 280, 497, 573, 618, 705, 734, 742, 753, 860, 869, 880, 885, 955, 1009, 1043, 1109, 1184, 1270, 1283, 1299, 1301, 1311, 1345, 1425, 1469, 1557, 1755, 1769, 1841, 1894, 1923, 2049, 2067, 2076, 2083, 2123, 2335, 2573, 2617, 2769, 2953, 2957, 3027, 3071, 3085, 3097, 3197, 3265, 3301, 3303, 3553, 3586, 3617, 3681, 3741, 3761, 3941, 4021, 1167, 3943, 3069]
Data after sorted :
[19, 77, 177, 280, 497, 573, 618, 705, 734, 742, 753, 860, 869, 880, 885, 955, 1009, 1043, 1109, 1167, 1184, 1270, 1283, 1299, 1301, 1311, 1345, 1425, 1469, 1557, 1755, 1769, 1841, 1894, 1923, 2049, 2067, 2076, 2083, 2123, 2335, 2573, 2617, 2769, 2953, 2957, 3027, 3069, 3071, 3085, 3097, 3197, 3265, 3301, 3303, 3553, 3586, 3617, 3681, 3741, 3761, 3941, 3943, 4021]
Execution Time : 
- 14952 nanoseconds
- 0.014952 milliseconds
- 1.4952E-5 seconds
