File Name :caseC#5_4.in
Sort Algorithm Name : Oyelami_Sort
Total of data : 256
Data Before Sorted :
[65173, 63865, 63519, 63245, 63097, 62789, 61467, 61445, 61373, 61344, 61299, 60815, 60587, 60257, 60207, 59383, 59105, 58967, 58938, 58665, 58635, 58536, 58339, 58313, 57783, 57428, 57109, 57033, 56859, 56787, 56495, 56381, 56228, 56185, 55803, 55543, 55493, 55453, 55401, 55322, 55177, 54893, 54801, 53797, 52829, 52673, 52285, 52281, 52197, 51730, 51513, 51425, 50849, 50836, 50239, 50093, 50008, 49721, 49713, 49409, 49337, 49102, 49001, 48823, 48496, 48258, 48199, 48129, 48125, 47068, 46975, 46881, 46801, 46673, 45879, 45545, 45241, 45196, 44955, 44754, 44589, 44269, 43981, 43829, 43783, 43747, 43619, 43613, 43053, 42893, 42889, 42609, 42327, 42241, 42222, 42195, 42025, 41429, 41321, 41141, 41137, 40460, 39273, 39213, 38888, 38781, 38581, 38468, 38385, 38285, 37583, 37543, 37399, 36897, 36593, 36421, 36409, 36360, 36265, 36063, 35866, 35469, 34945, 34659, 34577, 34562, 34241, 34069, 33961, 33877, 33665, 33441, 33322, 33075, 32353, 32053, 31947, 31765, 31749, 31649, 31313, 31223, 29772, 29599, 29557, 28875, 28703, 28640, 28593, 28498, 28026, 27999, 27669, 27490, 26647, 26529, 26300, 26207, 26027, 25708, 25269, 24957, 24541, 24343, 24185, 24039, 24017, 23674, 23558, 23417, 22625, 22489, 22166, 22055, 22037, 21838, 21127, 20478, 20443, 19914, 19873, 19818, 18989, 18600, 18596, 18505, 18037, 17617, 17561, 17377, 17129, 16614, 16501, 16001, 15993, 15047, 14945, 14899, 14497, 14278, 13985, 13889, 13767, 13441, 13251, 13169, 13039, 13009, 12622, 12461, 12256, 12057, 11791, 11555, 11437, 11154, 11028, 11003, 10929, 9761, 9559, 9257, 9181, 9117, 8610, 8457, 8151, 7917, 7745, 7065, 6575, 6041, 5898, 5747, 5577, 5325, 5297, 5251, 5065, 4947, 4848, 4545, 3376, 3173, 2765, 2376, 1593, 1507, 1446, 925, 921, 664, 655, 654, 92, 19]
Data after sorted :
[19, 92, 654, 655, 664, 921, 925, 1446, 1507, 1593, 2376, 2765, 3173, 3376, 4545, 4848, 4947, 5065, 5251, 5297, 5325, 5577, 5747, 5898, 6041, 6575, 7065, 7745, 7917, 8151, 8457, 8610, 9117, 9181, 9257, 9559, 9761, 10929, 11003, 11028, 11154, 11437, 11555, 11791, 12057, 12256, 12461, 12622, 13009, 13039, 13169, 13251, 13441, 13767, 13889, 13985, 14278, 14497, 14899, 14945, 15047, 15993, 16001, 16501, 16614, 17129, 17377, 17561, 17617, 18037, 18505, 18596, 18600, 18989, 19818, 19873, 19914, 20443, 20478, 21127, 21838, 22037, 22055, 22166, 22489, 22625, 23417, 23558, 23674, 24017, 24039, 24185, 24343, 24541, 24957, 25269, 25708, 26027, 26207, 26300, 26529, 26647, 27490, 27669, 27999, 28026, 28498, 28593, 28640, 28703, 28875, 29557, 29599, 29772, 31223, 31313, 31649, 31749, 31765, 31947, 32053, 32353, 33075, 33322, 33441, 33665, 33877, 33961, 34069, 34241, 34562, 34577, 34659, 34945, 35469, 35866, 36063, 36265, 36360, 36409, 36421, 36593, 36897, 37399, 37543, 37583, 38285, 38385, 38468, 38581, 38781, 38888, 39213, 39273, 40460, 41137, 41141, 41321, 41429, 42025, 42195, 42222, 42241, 42327, 42609, 42889, 42893, 43053, 43613, 43619, 43747, 43783, 43829, 43981, 44269, 44589, 44754, 44955, 45196, 45241, 45545, 45879, 46673, 46801, 46881, 46975, 47068, 48125, 48129, 48199, 48258, 48496, 48823, 49001, 49102, 49337, 49409, 49713, 49721, 50008, 50093, 50239, 50836, 50849, 51425, 51513, 51730, 52197, 52281, 52285, 52673, 52829, 53797, 54801, 54893, 55177, 55322, 55401, 55453, 55493, 55543, 55803, 56185, 56228, 56381, 56495, 56787, 56859, 57033, 57109, 57428, 57783, 58313, 58339, 58536, 58635, 58665, 58938, 58967, 59105, 59383, 60207, 60257, 60587, 60815, 61299, 61344, 61373, 61445, 61467, 62789, 63097, 63245, 63519, 63865, 65173]
Execution Time : 
- 115601 nanoseconds
- 0.115601 milliseconds
- 1.1560099999999999E-4 seconds
