File Name :caseE#3_3.in
Sort Algorithm Name : Oyelami_Sort
Total of data : 64
Data Before Sorted :
[89, 317, 382, 705, 820, 897, 956, 1061, 1125, 1187, 1249, 1329, 1381, 1397, 1435, 1436, 1493, 1515, 1569, 1571, 1611, 1677, 1678, 1745, 1783, 1793, 1814, 1827, 1873, 1904, 1969, 2031, 2033, 2057, 2061, 2093, 2241, 2408, 2457, 2587, 2657, 2797, 2831, 2865, 2921, 3017, 3022, 3035, 3397, 3572, 3602, 3603, 3677, 3829, 3945, 3952, 4029, 4049, 1704, 3143, 2361, 478, 2489, 4047]
Data after sorted :
[89, 317, 382, 478, 705, 820, 897, 956, 1061, 1125, 1187, 1249, 1329, 1381, 1397, 1435, 1436, 1493, 1515, 1569, 1571, 1611, 1677, 1678, 1704, 1745, 1783, 1793, 1814, 1827, 1873, 1904, 1969, 2031, 2033, 2057, 2061, 2093, 2241, 2361, 2408, 2457, 2489, 2587, 2657, 2797, 2831, 2865, 2921, 3017, 3022, 3035, 3143, 3397, 3572, 3602, 3603, 3677, 3829, 3945, 3952, 4029, 4047, 4049]
Execution Time : 
- 14952 nanoseconds
- 0.014952 milliseconds
- 1.4952E-5 seconds
