File Name :caseF#4_2.in
Sort Algorithm Name : Oyelami_Sort
Total of data : 128
Data Before Sorted :
[1, 8, 3, 11, 4, 6, 5, 4, 3, 1, 9, 6, 9, 7, 6, 8, 3, 11, 6, 1, 1, 5, 11, 1, 4, 3, 2, 7, 4, 5, 9, 6, 11, 3, 1, 5, 10, 10, 6, 7, 1, 1, 4, 11, 1, 2, 1, 1, 3, 6, 5, 6, 11, 11, 11, 1, 3, 9, 10, 6, 11, 7, 1, 10, 8, 5, 1, 7, 6, 1, 4, 1, 11, 8, 1, 5, 1, 1, 3, 6, 2, 5, 1, 1, 7, 5, 11, 5, 2, 7, 5, 4, 6, 4, 10, 6, 8, 1, 1, 7, 5, 4, 1, 4, 2, 3, 11, 11, 11, 2, 6, 7, 4, 3, 3, 3, 11, 11, 5, 11, 3, 11, 4, 1, 1, 5, 4, 7]
Data after sorted :
[1, 1, 1, 1, 1, 1, 1, 1, 1, 1, 1, 1, 1, 1, 1, 1, 1, 1, 1, 1, 1, 1, 1, 1, 1, 1, 2, 2, 2, 2, 2, 2, 3, 3, 3, 3, 3, 3, 3, 3, 3, 3, 3, 3, 3, 4, 4, 4, 4, 4, 4, 4, 4, 4, 4, 4, 4, 4, 5, 5, 5, 5, 5, 5, 5, 5, 5, 5, 5, 5, 5, 5, 6, 6, 6, 6, 6, 6, 6, 6, 6, 6, 6, 6, 6, 6, 7, 7, 7, 7, 7, 7, 7, 7, 7, 7, 8, 8, 8, 8, 8, 9, 9, 9, 9, 10, 10, 10, 10, 10, 11, 11, 11, 11, 11, 11, 11, 11, 11, 11, 11, 11, 11, 11, 11, 11, 11, 11]
Execution Time : 
- 40843 nanoseconds
- 0.040843 milliseconds
- 4.0842999999999995E-5 seconds
