File Name :caseE#5_4.in
Sort Algorithm Name : Oyelami_Sort
Total of data : 256
Data Before Sorted :
[132, 545, 586, 682, 989, 2094, 2541, 2562, 2631, 2831, 3265, 3389, 3673, 3961, 4087, 4317, 4545, 4678, 4688, 4888, 5057, 5833, 5897, 6103, 6453, 6544, 6589, 6904, 6951, 7736, 8065, 8349, 8758, 8861, 9491, 9747, 10037, 11241, 11553, 12737, 13033, 13089, 13278, 13367, 13521, 13713, 13776, 13825, 13945, 14675, 14679, 14706, 14925, 14985, 15238, 15615, 15721, 16411, 16417, 16469, 16485, 16621, 16833, 17028, 17341, 17473, 17545, 17585, 17693, 17861, 17963, 18083, 18183, 18369, 18513, 18561, 18618, 19059, 19063, 19487, 19527, 19969, 20125, 20730, 20947, 20963, 21292, 21464, 21569, 21855, 21969, 22174, 22401, 22817, 22971, 23109, 23777, 24207, 24617, 25149, 25168, 25505, 25563, 26080, 26345, 27069, 27213, 27391, 27621, 28141, 28395, 28561, 29289, 29886, 30371, 30625, 30685, 30759, 31115, 31342, 31397, 31521, 32105, 32483, 32600, 32897, 33624, 34675, 35280, 35307, 35521, 35908, 36097, 36434, 36798, 36953, 38307, 38630, 39257, 39482, 39508, 39713, 40385, 40485, 40965, 41257, 41494, 41689, 41709, 42157, 42159, 42615, 42799, 43019, 43866, 44229, 44605, 44798, 44827, 45697, 45892, 46029, 46335, 46473, 46481, 46521, 47173, 47367, 47997, 48605, 49377, 49670, 49721, 50281, 50857, 50897, 51219, 51539, 51707, 51897, 52251, 52361, 52469, 52765, 53339, 53599, 53660, 53771, 54201, 54265, 54545, 54593, 54601, 54653, 54817, 55587, 56025, 56289, 56577, 56803, 57127, 57209, 57619, 58797, 59185, 59219, 59529, 60446, 60513, 60847, 61093, 61589, 61591, 61984, 62035, 62081, 62421, 62877, 63294, 63763, 63821, 63921, 64449, 64493, 64713, 64855, 64921, 65139, 65393, 65501, 48993, 49233, 18105, 43527, 54214, 8469, 18059, 8645, 10039, 42361, 28490, 8183, 15155, 22177, 14477, 28469, 46360, 11328, 27041, 10659, 28825, 61365, 53993, 57974, 22922, 61611]
Data after sorted :
[132, 545, 586, 682, 989, 2094, 2541, 2562, 2631, 2831, 3265, 3389, 3673, 3961, 4087, 4317, 4545, 4678, 4688, 4888, 5057, 5833, 5897, 6103, 6453, 6544, 6589, 6904, 6951, 7736, 8065, 8183, 8349, 8469, 8645, 8758, 8861, 9491, 9747, 10037, 10039, 10659, 11241, 11328, 11553, 12737, 13033, 13089, 13278, 13367, 13521, 13713, 13776, 13825, 13945, 14477, 14675, 14679, 14706, 14925, 14985, 15155, 15238, 15615, 15721, 16411, 16417, 16469, 16485, 16621, 16833, 17028, 17341, 17473, 17545, 17585, 17693, 17861, 17963, 18059, 18083, 18105, 18183, 18369, 18513, 18561, 18618, 19059, 19063, 19487, 19527, 19969, 20125, 20730, 20947, 20963, 21292, 21464, 21569, 21855, 21969, 22174, 22177, 22401, 22817, 22922, 22971, 23109, 23777, 24207, 24617, 25149, 25168, 25505, 25563, 26080, 26345, 27041, 27069, 27213, 27391, 27621, 28141, 28395, 28469, 28490, 28561, 28825, 29289, 29886, 30371, 30625, 30685, 30759, 31115, 31342, 31397, 31521, 32105, 32483, 32600, 32897, 33624, 34675, 35280, 35307, 35521, 35908, 36097, 36434, 36798, 36953, 38307, 38630, 39257, 39482, 39508, 39713, 40385, 40485, 40965, 41257, 41494, 41689, 41709, 42157, 42159, 42361, 42615, 42799, 43019, 43527, 43866, 44229, 44605, 44798, 44827, 45697, 45892, 46029, 46335, 46360, 46473, 46481, 46521, 47173, 47367, 47997, 48605, 48993, 49233, 49377, 49670, 49721, 50281, 50857, 50897, 51219, 51539, 51707, 51897, 52251, 52361, 52469, 52765, 53339, 53599, 53660, 53771, 53993, 54201, 54214, 54265, 54545, 54593, 54601, 54653, 54817, 55587, 56025, 56289, 56577, 56803, 57127, 57209, 57619, 57974, 58797, 59185, 59219, 59529, 60446, 60513, 60847, 61093, 61365, 61589, 61591, 61611, 61984, 62035, 62081, 62421, 62877, 63294, 63763, 63821, 63921, 64449, 64493, 64713, 64855, 64921, 65139, 65393, 65501]
Execution Time : 
- 199841 nanoseconds
- 0.199841 milliseconds
- 1.99841E-4 seconds
