File Name :caseB#5_8.in
Sort Algorithm Name : Oyelami_Sort
Total of data : 256
Data Before Sorted :
[382, 549, 881, 1125, 1237, 1457, 1808, 1825, 2779, 2941, 3248, 3345, 3403, 3433, 3579, 3941, 3942, 4133, 4161, 4583, 4614, 4657, 4701, 4919, 5115, 5125, 5353, 5389, 5574, 5747, 6057, 6137, 6231, 6440, 6697, 6739, 6789, 7781, 7917, 7953, 7974, 8153, 8629, 8676, 9179, 9297, 9365, 9741, 9767, 9865, 10098, 10989, 11025, 11184, 11583, 11724, 12200, 12405, 12673, 12724, 12755, 13001, 13374, 13393, 14077, 14273, 14398, 14903, 15147, 16003, 16361, 16640, 16753, 16848, 17163, 17433, 17585, 17897, 18180, 18495, 18788, 18898, 19642, 19665, 20378, 20513, 20930, 21031, 21193, 22235, 22437, 22457, 23089, 23591, 23753, 24007, 24753, 24961, 25015, 25193, 25361, 25440, 25966, 25971, 26301, 26441, 26561, 26663, 26827, 26857, 27145, 27154, 27261, 27576, 27630, 27969, 28230, 28525, 28654, 28717, 28793, 28939, 29106, 29223, 29438, 29605, 29733, 29787, 29941, 30105, 30341, 30491, 30509, 31699, 32569, 32689, 33121, 33339, 33585, 33858, 34229, 34337, 34553, 34698, 34778, 34784, 34822, 34873, 35353, 35405, 35497, 36225, 36679, 38493, 38647, 38915, 38969, 39153, 40561, 40719, 40824, 40863, 41285, 41675, 41690, 41694, 42049, 42065, 42176, 42256, 42385, 42477, 43054, 43097, 43109, 43187, 43325, 43515, 43778, 44063, 44171, 44655, 44890, 45537, 45699, 46284, 46465, 46656, 46817, 46951, 47304, 47418, 47553, 47609, 47791, 48047, 48551, 49210, 49547, 49769, 49953, 50765, 50937, 51365, 51540, 52249, 52417, 52585, 53021, 53581, 53867, 54135, 54265, 54563, 54801, 55176, 55185, 55531, 55809, 56224, 56633, 56715, 56769, 57164, 57421, 57823, 58223, 58797, 59061, 59073, 59191, 59521, 59953, 59976, 60235, 60253, 60765, 61569, 61585, 62011, 62111, 62161, 62215, 62313, 62661, 62670, 62776, 62788, 63520, 63791, 64097, 64195, 64841, 65137, 65345, 65432]
Data after sorted :
[382, 549, 881, 1125, 1237, 1457, 1808, 1825, 2779, 2941, 3248, 3345, 3403, 3433, 3579, 3941, 3942, 4133, 4161, 4583, 4614, 4657, 4701, 4919, 5115, 5125, 5353, 5389, 5574, 5747, 6057, 6137, 6231, 6440, 6697, 6739, 6789, 7781, 7917, 7953, 7974, 8153, 8629, 8676, 9179, 9297, 9365, 9741, 9767, 9865, 10098, 10989, 11025, 11184, 11583, 11724, 12200, 12405, 12673, 12724, 12755, 13001, 13374, 13393, 14077, 14273, 14398, 14903, 15147, 16003, 16361, 16640, 16753, 16848, 17163, 17433, 17585, 17897, 18180, 18495, 18788, 18898, 19642, 19665, 20378, 20513, 20930, 21031, 21193, 22235, 22437, 22457, 23089, 23591, 23753, 24007, 24753, 24961, 25015, 25193, 25361, 25440, 25966, 25971, 26301, 26441, 26561, 26663, 26827, 26857, 27145, 27154, 27261, 27576, 27630, 27969, 28230, 28525, 28654, 28717, 28793, 28939, 29106, 29223, 29438, 29605, 29733, 29787, 29941, 30105, 30341, 30491, 30509, 31699, 32569, 32689, 33121, 33339, 33585, 33858, 34229, 34337, 34553, 34698, 34778, 34784, 34822, 34873, 35353, 35405, 35497, 36225, 36679, 38493, 38647, 38915, 38969, 39153, 40561, 40719, 40824, 40863, 41285, 41675, 41690, 41694, 42049, 42065, 42176, 42256, 42385, 42477, 43054, 43097, 43109, 43187, 43325, 43515, 43778, 44063, 44171, 44655, 44890, 45537, 45699, 46284, 46465, 46656, 46817, 46951, 47304, 47418, 47553, 47609, 47791, 48047, 48551, 49210, 49547, 49769, 49953, 50765, 50937, 51365, 51540, 52249, 52417, 52585, 53021, 53581, 53867, 54135, 54265, 54563, 54801, 55176, 55185, 55531, 55809, 56224, 56633, 56715, 56769, 57164, 57421, 57823, 58223, 58797, 59061, 59073, 59191, 59521, 59953, 59976, 60235, 60253, 60765, 61569, 61585, 62011, 62111, 62161, 62215, 62313, 62661, 62670, 62776, 62788, 63520, 63791, 64097, 64195, 64841, 65137, 65345, 65432]
Execution Time : 
- 216616 nanoseconds
- 0.216616 milliseconds
- 2.1661600000000001E-4 seconds
