File Name :caseB#4_4.in
Sort Algorithm Name : Oyelami_Sort
Total of data : 128
Data Before Sorted :
[513, 514, 767, 1073, 1089, 1189, 1297, 1505, 1525, 1622, 1633, 1742, 1818, 1981, 2085, 2121, 2473, 2514, 2617, 2625, 2677, 2788, 2812, 2844, 2908, 2969, 3005, 3021, 3199, 3367, 3399, 3450, 3599, 3641, 3681, 3741, 3819, 3857, 4345, 4367, 4533, 4609, 4626, 4645, 4779, 4943, 5121, 5169, 5445, 5453, 5557, 6018, 6195, 6266, 6273, 6529, 6785, 6813, 6869, 6893, 7274, 7765, 7851, 7916, 8025, 8035, 8097, 8181, 8359, 8598, 8629, 8697, 8928, 9087, 9379, 9393, 9545, 9655, 9801, 9849, 10189, 10194, 10230, 10316, 10590, 10657, 10938, 10950, 11047, 11185, 11275, 11388, 11633, 11686, 11739, 11749, 11985, 12107, 12220, 12234, 12287, 12517, 12721, 12828, 12880, 12961, 13327, 13455, 13501, 13502, 13533, 13538, 13611, 13960, 14033, 14158, 14161, 14243, 14329, 14457, 14750, 14842, 15529, 15559, 15599, 15620, 15643, 16321]
Data after sorted :
[513, 514, 767, 1073, 1089, 1189, 1297, 1505, 1525, 1622, 1633, 1742, 1818, 1981, 2085, 2121, 2473, 2514, 2617, 2625, 2677, 2788, 2812, 2844, 2908, 2969, 3005, 3021, 3199, 3367, 3399, 3450, 3599, 3641, 3681, 3741, 3819, 3857, 4345, 4367, 4533, 4609, 4626, 4645, 4779, 4943, 5121, 5169, 5445, 5453, 5557, 6018, 6195, 6266, 6273, 6529, 6785, 6813, 6869, 6893, 7274, 7765, 7851, 7916, 8025, 8035, 8097, 8181, 8359, 8598, 8629, 8697, 8928, 9087, 9379, 9393, 9545, 9655, 9801, 9849, 10189, 10194, 10230, 10316, 10590, 10657, 10938, 10950, 11047, 11185, 11275, 11388, 11633, 11686, 11739, 11749, 11985, 12107, 12220, 12234, 12287, 12517, 12721, 12828, 12880, 12961, 13327, 13455, 13501, 13502, 13533, 13538, 13611, 13960, 14033, 14158, 14161, 14243, 14329, 14457, 14750, 14842, 15529, 15559, 15599, 15620, 15643, 16321]
Execution Time : 
- 88615 nanoseconds
- 0.088615 milliseconds
- 8.8615E-5 seconds
