File Name :caseA#5_1.in
Sort Algorithm Name : Oyelami_Sort
Total of data : 256
Data Before Sorted :
[589, 23185, 4308, 19449, 18097, 1417, 11467, 32281, 53929, 5927, 61185, 61249, 51606, 56139, 10553, 42276, 50123, 64853, 39389, 12380, 40709, 41150, 51721, 27321, 54366, 2881, 17120, 23714, 1809, 7971, 41640, 25060, 46169, 28488, 33855, 41738, 56757, 19031, 44308, 24626, 49696, 52472, 44146, 28721, 5896, 12509, 34805, 17117, 46657, 15216, 64422, 40902, 60913, 6954, 32257, 55433, 60601, 42207, 28249, 27813, 16019, 27239, 64113, 62145, 34785, 37267, 19475, 27360, 40969, 50265, 4501, 16177, 10843, 62200, 23157, 51403, 32298, 3929, 2353, 51925, 22965, 11871, 29913, 3691, 23169, 21289, 4530, 31675, 11543, 15181, 20292, 3282, 42508, 1064, 39573, 48313, 20017, 5424, 26061, 17887, 49372, 64221, 33665, 59122, 33163, 40745, 6761, 22428, 31045, 43223, 24248, 41474, 29045, 15537, 6418, 58481, 23925, 45022, 2329, 9355, 12013, 41613, 12942, 5413, 51085, 44945, 7793, 21755, 7630, 7363, 46753, 10897, 12988, 12553, 34377, 59817, 3073, 5493, 36701, 9131, 18053, 19252, 47247, 9829, 60417, 30873, 13544, 17713, 6273, 52291, 12349, 2135, 18514, 41972, 55329, 4764, 27637, 44737, 56187, 60501, 11781, 15663, 44221, 19961, 24387, 63163, 39201, 22078, 20977, 60400, 38865, 52293, 47318, 11467, 2825, 51827, 6413, 59025, 14064, 10024, 2407, 44057, 46238, 5113, 43887, 37607, 61457, 8632, 32643, 15561, 59751, 48644, 51276, 46723, 58094, 44528, 57857, 19169, 171, 58610, 57602, 46897, 40973, 21044, 30649, 6993, 61905, 7091, 35887, 25035, 28647, 46161, 9685, 27279, 19941, 56704, 30965, 11073, 36485, 62121, 17804, 3561, 20969, 32141, 49838, 49469, 31705, 50597, 42497, 54755, 29182, 19790, 64725, 38289, 49960, 12358, 17689, 10716, 52135, 54561, 48395, 6370, 5735, 58859, 27123, 60173, 31362, 8326, 9649, 4729, 36579, 9700, 17969, 44611, 59934, 60014]
Data after sorted :
[171, 589, 1064, 1417, 1809, 2135, 2329, 2353, 2407, 2825, 2881, 3073, 3282, 3561, 3691, 3929, 4308, 4501, 4530, 4729, 4764, 5113, 5413, 5424, 5493, 5735, 5896, 5927, 6273, 6370, 6413, 6418, 6761, 6954, 6993, 7091, 7363, 7630, 7793, 7971, 8326, 8632, 9131, 9355, 9649, 9685, 9700, 9829, 10024, 10553, 10716, 10843, 10897, 11073, 11467, 11467, 11543, 11781, 11871, 12013, 12349, 12358, 12380, 12509, 12553, 12942, 12988, 13544, 14064, 15181, 15216, 15537, 15561, 15663, 16019, 16177, 17117, 17120, 17689, 17713, 17804, 17887, 17969, 18053, 18097, 18514, 19031, 19169, 19252, 19449, 19475, 19790, 19941, 19961, 20017, 20292, 20969, 20977, 21044, 21289, 21755, 22078, 22428, 22965, 23157, 23169, 23185, 23714, 23925, 24248, 24387, 24626, 25035, 25060, 26061, 27123, 27239, 27279, 27321, 27360, 27637, 27813, 28249, 28488, 28647, 28721, 29045, 29182, 29913, 30649, 30873, 30965, 31045, 31362, 31675, 31705, 32141, 32257, 32281, 32298, 32643, 33163, 33665, 33855, 34377, 34785, 34805, 35887, 36485, 36579, 36701, 37267, 37607, 38289, 38865, 39201, 39389, 39573, 40709, 40745, 40902, 40969, 40973, 41150, 41474, 41613, 41640, 41738, 41972, 42207, 42276, 42497, 42508, 43223, 43887, 44057, 44146, 44221, 44308, 44528, 44611, 44737, 44945, 45022, 46161, 46169, 46238, 46657, 46723, 46753, 46897, 47247, 47318, 48313, 48395, 48644, 49372, 49469, 49696, 49838, 49960, 50123, 50265, 50597, 51085, 51276, 51403, 51606, 51721, 51827, 51925, 52135, 52291, 52293, 52472, 53929, 54366, 54561, 54755, 55329, 55433, 56139, 56187, 56704, 56757, 57602, 57857, 58094, 58481, 58610, 58859, 59025, 59122, 59751, 59817, 59934, 60014, 60173, 60400, 60417, 60501, 60601, 60913, 61185, 61249, 61457, 61905, 62121, 62145, 62200, 63163, 64113, 64221, 64422, 64725, 64853]
Execution Time : 
- 184160 nanoseconds
- 0.18416 milliseconds
- 1.8416E-4 seconds
