File Name :caseC#4_4.in
Sort Algorithm Name : Oyelami_Sort
Total of data : 128
Data Before Sorted :
[16176, 16033, 15925, 15895, 15712, 15615, 15557, 15507, 15421, 15095, 15067, 14769, 14653, 14609, 14571, 14545, 14403, 14150, 13991, 13949, 13921, 13723, 13666, 13519, 13305, 13085, 13010, 12888, 12866, 12763, 12580, 12420, 12410, 12297, 12036, 11854, 11749, 11672, 11531, 11491, 11378, 11355, 11302, 11205, 10921, 10865, 10730, 10725, 10466, 10312, 10103, 10045, 9890, 9849, 9681, 9526, 9249, 9201, 9129, 9106, 9067, 9009, 8699, 8609, 8585, 8451, 8323, 8198, 8003, 7953, 7930, 7737, 7445, 7315, 7309, 7265, 7264, 7262, 7101, 6949, 6641, 6369, 6345, 6092, 5871, 5634, 5603, 5473, 5241, 4915, 4705, 4569, 4550, 4249, 4225, 4065, 4051, 3755, 3674, 3665, 3448, 3441, 3134, 2945, 2934, 2713, 2652, 2601, 2567, 2529, 2499, 2432, 2365, 2245, 2185, 2005, 1985, 1877, 1855, 1803, 1793, 1649, 1619, 1605, 1540, 845, 458, 73]
Data after sorted :
[73, 458, 845, 1540, 1605, 1619, 1649, 1793, 1803, 1855, 1877, 1985, 2005, 2185, 2245, 2365, 2432, 2499, 2529, 2567, 2601, 2652, 2713, 2934, 2945, 3134, 3441, 3448, 3665, 3674, 3755, 4051, 4065, 4225, 4249, 4550, 4569, 4705, 4915, 5241, 5473, 5603, 5634, 5871, 6092, 6345, 6369, 6641, 6949, 7101, 7262, 7264, 7265, 7309, 7315, 7445, 7737, 7930, 7953, 8003, 8198, 8323, 8451, 8585, 8609, 8699, 9009, 9067, 9106, 9129, 9201, 9249, 9526, 9681, 9849, 9890, 10045, 10103, 10312, 10466, 10725, 10730, 10865, 10921, 11205, 11302, 11355, 11378, 11491, 11531, 11672, 11749, 11854, 12036, 12297, 12410, 12420, 12580, 12763, 12866, 12888, 13010, 13085, 13305, 13519, 13666, 13723, 13921, 13949, 13991, 14150, 14403, 14545, 14571, 14609, 14653, 14769, 15067, 15095, 15421, 15507, 15557, 15615, 15712, 15895, 15925, 16033, 16176]
Execution Time : 
- 38656 nanoseconds
- 0.038656 milliseconds
- 3.8656000000000004E-5 seconds
