File Name :caseD#4_8.in
Sort Algorithm Name : Oyelami_Sort
Total of data : 128
Data Before Sorted :
[79, 85, 149, 161, 533, 633, 689, 740, 857, 883, 1055, 1421, 1594, 1625, 1777, 1944, 1995, 2013, 2129, 2241, 2252, 2313, 2378, 2698, 2806, 3489, 3509, 3560, 3649, 3871, 3921, 3963, 4105, 4265, 4295, 4379, 4479, 4510, 4645, 4732, 4868, 4983, 5013, 5043, 5321, 5383, 5422, 5488, 5633, 5901, 5956, 6037, 6463, 6469, 6497, 6643, 7105, 7154, 7244, 7549, 7705, 8033, 8037, 8089, 8913, 8928, 9031, 9097, 9205, 9267, 9951, 9961, 10065, 10091, 10293, 10333, 10445, 10666, 10922, 11388, 11437, 11588, 11665, 11729, 11863, 11896, 12163, 12221, 12253, 12299, 12403, 12485, 12539, 12751, 12905, 13004, 13299, 13455, 13457, 13521, 13550, 13569, 13641, 13653, 13965, 14440, 14495, 14517, 14671, 14681, 14697, 14828, 15083, 15099, 15204, 15495, 15518, 15638, 15854, 15969, 16001, 16057, 16075, 16305, 16320, 15520, 11265, 14831]
Data after sorted :
[79, 85, 149, 161, 533, 633, 689, 740, 857, 883, 1055, 1421, 1594, 1625, 1777, 1944, 1995, 2013, 2129, 2241, 2252, 2313, 2378, 2698, 2806, 3489, 3509, 3560, 3649, 3871, 3921, 3963, 4105, 4265, 4295, 4379, 4479, 4510, 4645, 4732, 4868, 4983, 5013, 5043, 5321, 5383, 5422, 5488, 5633, 5901, 5956, 6037, 6463, 6469, 6497, 6643, 7105, 7154, 7244, 7549, 7705, 8033, 8037, 8089, 8913, 8928, 9031, 9097, 9205, 9267, 9951, 9961, 10065, 10091, 10293, 10333, 10445, 10666, 10922, 11265, 11388, 11437, 11588, 11665, 11729, 11863, 11896, 12163, 12221, 12253, 12299, 12403, 12485, 12539, 12751, 12905, 13004, 13299, 13455, 13457, 13521, 13550, 13569, 13641, 13653, 13965, 14440, 14495, 14517, 14671, 14681, 14697, 14828, 14831, 15083, 15099, 15204, 15495, 15518, 15520, 15638, 15854, 15969, 16001, 16057, 16075, 16305, 16320]
Execution Time : 
- 58347 nanoseconds
- 0.058347 milliseconds
- 5.8347E-5 seconds
