File Name :caseA#3_6.in
Sort Algorithm Name : Oyelami_Sort
Total of data : 64
Data Before Sorted :
[2448, 3221, 2851, 385, 3105, 1959, 1347, 4065, 327, 931, 205, 1064, 3649, 3670, 2533, 3512, 1152, 3457, 2369, 965, 3130, 4047, 1723, 1647, 2317, 3307, 932, 1578, 1351, 700, 3961, 1774, 1549, 3609, 177, 1255, 851, 3159, 3938, 1395, 1916, 3860, 3691, 1387, 3202, 3049, 3613, 459, 3785, 1213, 2688, 3373, 2841, 1689, 2426, 2571, 1505, 3421, 1141, 1960, 2441, 3289, 1509, 2709]
Data after sorted :
[177, 205, 327, 385, 459, 700, 851, 931, 932, 965, 1064, 1141, 1152, 1213, 1255, 1347, 1351, 1387, 1395, 1505, 1509, 1549, 1578, 1647, 1689, 1723, 1774, 1916, 1959, 1960, 2317, 2369, 2426, 2441, 2448, 2533, 2571, 2688, 2709, 2841, 2851, 3049, 3105, 3130, 3159, 3202, 3221, 3289, 3307, 3373, 3421, 3457, 3512, 3609, 3613, 3649, 3670, 3691, 3785, 3860, 3938, 3961, 4047, 4065]
Execution Time : 
- 15681 nanoseconds
- 0.015681 milliseconds
- 1.5681E-5 seconds
